Comment,Time.Stamp..sec.,Temperature..K.,Magnetic.Field..Oe.,Moment..emu.,M..Std..Err...emu.,Transport.Action,Averaging.Time..sec.,Frequency..Hz.,Peak.Amplitude..mm.,Center.Position..mm.,Lockin.Signal...V.,Lockin.Signal..V.,Range,M..Quad..Signal..emu.,AC.Moment..emu.,AC.M..Std.Err...emu.,AC.Phase..deg.,AC.Phase.Std..Err...deg.,AC.Susceptibility..emu.Oe.,AC.Suscept..Std.Err...emu.Oe.,AC.X...emu.Oe.,AC.X..Std.Err...emu.Oe.,AC.X....emu.Oe.,AC.X...Std.Err...emu.Oe.,AC.Drive..Oe.,AC.Frequency..Hz.,AC.Averaging.Time..sec.,AC.Cycles,AC.Range,AC.Measure.Type,AC.Signal...V.,AC.Signal....V.,AC.Trim.Coil.Ratio,AC.Trim.Coil.Phase,Min..Temperature..K.,Max..Temperature..K.,Min..Field..Oe.,Max..Field..Oe.,Mass..grams.,Motor.Lag..deg.,Pressure..Torr.,Measure.Count,Measurement.Number,SQUID.Status..code.,Motor.Status..code.,Measure.Status..code.,Motor.Current..amps.,Motor.Temp...C.,Temp..Status..code.,Field.Status..code.,Chamber.Status..code.,Chamber.Temp..K.,Redirection.State,Evercool.Status,Average.Temp..K.,Rotation.Angle..deg.,Rotator.state,DC.Moment.Fixed.Ctr..emu.,DC.Moment.Err.Fixed.Ctr..emu.,DC.Moment.Free.Ctr..emu.,DC.Moment.Err.Free.Ctr..emu.,DC.Fixed.Fit,DC.Free.Fit,DC.Calculated.Center..mm.,DC.Calculated.Center.Err..mm.,DC.Scan.Length..mm.,DC.Scan.Time..s.,DC.Number.of.Points,DC.Squid.Drift,DC.Min.V..V.,DC.Max.V..V.,DC.Scans.per.Measure,LS.Wavelength..nm.,LS.Status..code.,VSDO.03,VSDO.04,VSDO.05,VSDO.06,VSDO.07,VSDO.08,VSDO.09,VSDO.10,VSDO.11,VSDO.12,VSDO.13,VSDO.14,VSDO.15,VSDO.16,Map.01,Map.02,Map.03,Map.04,Map.05,Map.06,Map.07,Map.08,Map.09,Map.10,Map.11,Map.12,Map.13,Map.14,Map.15,Map.16
,3940098095.20601,9.99870872497559,0,0.0121832666328328,2.25607206783003e-06,1,2,11.9032497406006,5.00191461212174,31.7399986088276,15.7510887252908,2.25683360007892,10,2.07554288835592e-05,,,,,,,,,,,,,,,,,,,,,9.99870872497559,9.99870872497559,0,0,49.6650669261879,5.05506478396881,6.25493907928467,24,1,0,0,1,0.234222412109375,33.7243423461914,1,1,1,9.99870872497559,0,3158316192,9.99870872497559,,,,,,,,,,,,,,,,,,0,0,,,,,,,,,,,,,,,,,,,,,,,,,,,,,,
,3940098297.27178,13.9719257354736,0,0.0102018131885778,1.38630251029107e-06,1,2,11.9032497406006,4.99859034758082,31.7399986088276,13.1781596528045,1.8807385932175,10,1.17334202852191e-05,,,,,,,,,,,,,,,,,,,,,13.9719257354736,13.9719257354736,0,0,49.7451838494091,5.06693762489724,6.66180229187012,24,1,0,0,1,0.244903564453125,34.7018585205078,1,1,1,13.9719257354736,0,3158316384,13.9719257354736,,,,,,,,,,,,,,,,,,0,0,,,,,,,,,,,,,,,,,,,,,,,,,,,,,,
,3940098482.20264,17.9454517364502,0,0.00829716137193885,1.10074749390524e-06,1,2,11.9032497406006,4.99870017685097,31.7399986088276,10.7187092559918,1.52578257848467,10,6.54434575369609e-06,,,,,,,,,,,,,,,,,,,,,17.945348739624,17.9455547332764,0,0,49.870244412486,5.06813980333157,6.8738751411438,24,1,0,0,1,0.239791870117187,33.7243423461914,1,1,1,17.9455547332764,0,3158316736,17.9454517364502,,,,,,,,,,,,,,,,,,0,0,,,,,,,,,,,,,,,,,,,,,,,,,,,,,,
,3940098671.58696,21.9178667068481,0,0.00677525970577754,6.60419607463961e-07,1,2,11.9032497406006,4.99843739586412,31.7399986088276,8.75221281856191,1.24427589069904,10,4.14462529996661e-06,,,,,,,,,,,,,,,,,,,,,21.9178047180176,21.9179286956787,0,0,49.9265216658707,5.0680818225702,7.01786756515503,24,1,0,0,1,0.237197875976562,35.6793746948242,1,1,1,21.9178047180176,0,3158316352,21.9178667068481,,,,,,,,,,,,,,,,,,0,0,,,,,,,,,,,,,,,,,,,,,,,,,,,,,,
,3940098863.29954,25.8905057907104,0,0.00555518970974823,1.0602087862283e-06,1,2,11.9032497406006,4.99850438537004,31.7399986088276,7.17632819435439,1.01983945531775,10,3.09655792163529e-06,,,,,,,,,,,,,,,,,,,,,25.89040184021,25.8906097412109,0,0,49.868290341188,5.06832546670405,7.1473593711853,24,1,0,0,1,0.2410888671875,34.7018585205078,1,1,1,25.8906097412109,0,3158315840,25.8905057907104,,,,,,,,,,,,,,,,,,0,0,,,,,,,,,,,,,,,,,,,,,,,,,,,,,,
,3940099054.54085,29.8630113601685,0,0.00456868637191642,7.51604097442443e-07,1,2,11.9032497406006,4.9978829273068,31.7399986088276,5.90099370699898,0.838022463806721,10,2.10864424978358e-06,,,,,,,,,,,,,,,,,,,,,29.8629188537598,29.8631038665771,0,0,49.9046360673322,5.07103520354576,7.27050971984863,24,1,0,0,1,0.241012573242187,35.190616607666,1,1,1,29.8631038665771,0,3158316576,29.8630113601685,,,,,,,,,,,,,,,,,,0,0,,,,,,,,,,,,,,,,,,,,,,,,,,,,,,
,3940099247.76377,33.8351383209229,0,0.00376392532333172,4.38595849333998e-07,1,2,11.9032497406006,4.99790778694894,31.7399986088276,4.86158945535484,0.690375822763674,10,1.70920343621986e-06,,,,,,,,,,,,,,,,,,,,,33.8349990844727,33.835277557373,0,0,49.8112314592841,5.07004129713954,7.3400297164917,24,1,0,0,1,0.243682861328125,35.6793746948242,1,1,1,33.835277557373,0,3158316736,33.8351383209229,,,,,,,,,,,,,,,,,,0,0,,,,,,,,,,,,,,,,,,,,,,,,,,,,,,
,3940099443.58056,37.8069839477539,0,0.00310545120810884,5.8741164796636e-07,1,2,11.9032497406006,4.99762117861841,31.7399986088276,4.01093398254038,0.568356813684605,10,4.83739030543369e-07,,,,,,,,,,,,,,,,,,,,,37.8068695068359,37.8070983886719,0,0,49.9136247953034,5.07197654639428,7.41884469985962,24,1,0,0,1,0.246353149414062,35.190616607666,1,1,1,37.8070983886719,0,3158316832,37.8069839477539,,,,,,,,,,,,,,,,,,0,0,,,,,,,,,,,,,,,,,,,,,,,,,,,,,,
,3940099640.99563,41.7783679962158,0,0.00256417598841417,4.08079899216269e-07,1,2,11.9032497406006,4.99765092430316,31.7399986088276,3.31201347145955,0.468227661180591,10,-4.28503948117072e-07,,,,,,,,,,,,,,,,,,,,,41.7780723571777,41.7786636352539,0,0,49.8362435718995,5.07223235218073,7.50318098068237,24,1,0,0,1,0.243606567382813,36.6568908691406,1,1,1,41.7786636352539,0,3158316576,41.7783679962158,,,,,,,,,,,,,,,,,,0,0,,,,,,,,,,,,,,,,,,,,,,,,,,,,,,
,3940099839.19418,45.7487087249756,0,0.00212267181107692,3.52185987068943e-07,1,2,11.9032497406006,4.99748519613964,31.7399986088276,2.74165345875321,0.387340733026853,10,-5.47300077937679e-07,,,,,,,,,,,,,,,,,,,,,45.7484130859375,45.7490043640137,0,0,49.783874461111,5.07296218856383,7.55991315841675,24,1,0,0,1,0.244293212890625,35.6793746948242,1,1,1,45.7490043640137,0,3158316896,45.7487087249756,,,,,,,,,,,,,,,,,,0,0,,,,,,,,,,,,,,,,,,,,,,,,,,,,,,
,3940100036.57186,49.718074798584,0,0.00175940668257852,2.30836316476099e-07,1,2,11.9032497406006,4.9971967750817,31.750001013279,2.27218928643037,0.321632867845356,10,1.55277654967004e-08,,,,,,,,,,,,,,,,,,,,,49.717472076416,49.718677520752,0,0,49.7600347912745,5.07367357897257,7.66300392150879,24,1,0,0,1,0.241317749023438,35.6793746948242,1,1,1,49.718677520752,0,3158316832,49.718074798584,,,,,,,,,,,,,,,,,,0,0,,,,,,,,,,,,,,,,,,,,,,,,,,,,,,
,3940100235.88297,53.6870861053467,0,0.00146092130564632,2.40443655302448e-07,1,2,11.9032497406006,4.99700892036111,31.750001013279,1.88663170202854,0.266904221665095,10,-1.02657704115888e-07,,,,,,,,,,,,,,,,,,,,,53.6861839294434,53.68798828125,0,0,49.7174360369764,5.07476054137625,7.74028015136719,24,1,0,0,1,0.247344970703125,35.190616607666,1,1,1,53.6880912780762,0,3158316896,53.6870861053467,,,,,,,,,,,,,,,,,,0,0,,,,,,,,,,,,,,,,,,,,,,,,,,,,,,
,3940100435.57659,57.65456199646,0,0.00121627269261649,1.86452486371824e-07,1,2,11.9032497406006,4.99673377997898,31.750001013279,1.57062355355884,0.221825929287693,10,-3.68056638938225e-07,,,,,,,,,,,,,,,,,,,,,57.6533279418945,57.6557960510254,0,0,49.8163120446591,5.07681545449273,7.76421403884888,24,1,0,0,1,0.246734619140625,35.190616607666,1,1,1,57.6557960510254,0,3158316896,57.65456199646,,,,,,,,,,,,,,,,,,0,0,,,,,,,,,,,,,,,,,,,,,,,,,,,,,,
,3940100636.95585,61.6229991912842,0,0.00101412118394004,1.19297297817066e-07,1,2,11.9032497406006,4.99629134007537,31.750001013279,1.30943078151561,0.184821010932092,10,-3.94616015028687e-07,,,,,,,,,,,,,,,,,,,,,61.6213302612305,61.6246681213379,0,0,49.8006794742745,5.07865511317265,7.79202079772949,24,1,0,0,1,0.23529052734375,35.190616607666,1,1,1,61.6246681213379,0,3158316384,61.6229991912842,,,,,,,,,,,,,,,,,,0,0,,,,,,,,,,,,,,,,,,,,,,,,,,,,,,
,3940100838.83661,65.590202331543,0,0.000849498423557919,1.37141649296935e-07,1,2,11.9032497406006,4.99625610231201,31.75999969244,1.09685536498304,0.154846331794788,10,-3.08152421124687e-07,,,,,,,,,,,,,,,,,,,,,65.5887756347656,65.5916290283203,0,0,49.7299420932841,5.07948224387959,7.83984899520874,24,1,0,0,1,0.242919921875,34.7018585205078,1,1,1,65.5916290283203,0,3158316832,65.590202331543,,,,,,,,,,,,,,,,,,0,0,,,,,,,,,,,,,,,,,,,,,,,,,,,,,,
,3940101038.55856,69.5562629699707,0,0.000715898010323271,9.50168206260812e-08,1,2,11.9032497406006,4.99601388362531,31.75999969244,0.924331342103428,0.130196408492287,10,-4.83101415818981e-07,,,,,,,,,,,,,,,,,,,,,69.5543899536133,69.5581359863281,0,0,49.7834836468514,5.07960734557246,7.85846900939941,24,1,0,0,1,0.24658203125,34.7018585205078,1,1,1,69.5581359863281,0,3158316608,69.5562629699707,,,,,,,,,,,,,,,,,,0,0,,,,,,,,,,,,,,,,,,,,,,,,,,,,,,
,3940101244.89504,73.5303344726563,0,0.000604474002336794,1.05843865397624e-07,1,2,11.9032497406006,4.99564267313845,31.75999969244,0.780168738702601,0.111450162801059,1,7.76731811874696e-07,,,,,,,,,,,,,,,,,,,,,73.5303344726563,73.5303344726563,0,0,49.7596439770149,5.08050738349553,7.86900281906128,24,1,0,0,1,0.238037109375,36.1681327819824,1,1,1,73.5303344726563,0,3158316384,73.5303344726563,,,,,,,,,,,,,,,,,,0,0,,,,,,,,,,,,,,,,,,,,,,,,,,,,,,
,3940101445.63508,77.4895095825195,0,0.000515608521189939,8.02852668194947e-08,1,2,11.9032497406006,4.99557468453311,31.7699983716011,0.665533180582679,0.0945551739867073,1,2.68569353993493e-07,,,,,,,,,,,,,,,,,,,,,77.4867630004883,77.4922561645508,0,0,49.7596439770149,5.08044424998247,7.88945484161377,24,1,0,0,1,0.243911743164062,35.6793746948242,1,1,1,77.4922561645508,0,3158316704,77.4895095825195,,,,,,,,,,,,,,,,,,0,0,,,,,,,,,,,,,,,,,,,,,,,,,,,,,,
,3940101645.98211,81.4542198181152,0,0.000443019263306747,6.30353818184646e-08,1,2,11.9032497406006,4.99545989478858,31.7699983716011,0.571810187001574,0.081300190267661,1,2.76815971667699e-07,,,,,,,,,,,,,,,,,,,,,81.4526443481445,81.4557952880859,0,0,49.715872779938,5.08113679264449,7.92069005966186,24,1,0,0,1,0.238876342773438,34.7018585205078,1,1,1,81.4557952880859,0,3158316416,81.4542198181152,,,,,,,,,,,,,,,,,,0,0,,,,,,,,,,,,,,,,,,,,,,,,,,,,,,
,3940101846.81496,85.4227600097656,0,0.000382711807960087,6.34417419431907e-08,1,2,11.9032497406006,4.9955847644204,31.7699983716011,0.49399338232923,0.0701967488008364,1,2.09199518362775e-07,,,,,,,,,,,,,,,,,,,,,85.4197311401367,85.4257888793945,0,0,49.792081560563,5.08050946699996,7.93668508529663,24,1,0,0,1,0.238800048828125,35.6793746948242,1,1,1,85.4257888793945,0,3158316768,85.4227600097656,,,,,,,,,,,,,,,,,,0,0,,,,,,,,,,,,,,,,,,,,,,,,,,,,,,
,3940102045.06373,89.3882446289063,0,0.000333956476562759,5.41192460133787e-08,1,2,11.9032497406006,4.99603863480176,31.7800007760525,0.431128369861554,0.0611757237957895,1,1.15829017288323e-07,,,,,,,,,,,,,,,,,,,,,89.3860931396484,89.3903961181641,0,0,49.829599729486,5.07903310997495,7.94750642776489,24,1,0,0,1,0.235366821289062,35.190616607666,1,1,1,89.3903961181641,0,3158316736,89.3882446289063,,,,,,,,,,,,,,,,,,0,0,,,,,,,,,,,,,,,,,,,,,,,,,,,,,,
,3940102241.9223,93.3549690246582,0,0.000293661455957366,4.94102856548603e-08,1,2,11.9032497406006,4.99550047961434,31.7800007760525,0.379031152195042,0.0539301351003705,1,2.13367448267574e-07,,,,,,,,,,,,,,,,,,,,,93.3515167236328,93.3584213256836,0,0,49.865163827111,5.08069081142995,7.96306753158569,24,1,0,0,1,0.24505615234375,35.6793746948242,1,1,1,93.3584213256836,0,3158316352,93.3549690246582,,,,,,,,,,,,,,,,,,0,0,,,,,,,,,,,,,,,,,,,,,,,,,,,,,,
,3940102439.66935,97.3240776062012,0,0.000260342763975283,3.39129916126952e-08,1,2,11.9032497406006,4.99634493620097,31.7899994552135,0.336128685664483,0.0476615485793382,1,6.44619145023066e-08,,,,,,,,,,,,,,,,,,,,,97.3211669921875,97.3269882202148,0,0,49.8045876168706,5.07593387466275,7.99334335327148,24,1,0,0,1,0.24139404296875,35.190616607666,1,1,1,97.3269882202148,0,3158316480,97.3240776062012,,,,,,,,,,,,,,,,,,0,0,,,,,,,,,,,,,,,,,,,,,,,,,,,,,,
,3940102635.94127,101.289974212646,0,0.000233147347542715,4.33804605998338e-08,1,2,11.9032497406006,4.99581682413784,31.7899994552135,0.300969431559788,0.0426958851894349,1,7.27351088426468e-08,,,,,,,,,,,,,,,,,,,,,101.287689208984,101.292259216309,0,0,49.812403902063,5.07870297360078,7.98712158203125,24,1,0,0,1,0.242767333984375,35.190616607666,1,1,1,101.292259216309,0,3158316384,101.289974212646,,,,,,,,,,,,,,,,,,0,0,,,,,,,,,,,,,,,,,,,,,,,,,,,,,,
,3940102833.31464,105.263107299805,0,0.000210249741711385,3.81993956496162e-08,1,2,11.9032497406006,4.99593907181712,31.8000018596649,0.271421890081723,0.0384923979342838,1,5.66029506305128e-08,,,,,,,,,,,,,,,,,,,,,105.260414123535,105.265800476074,0,0,49.787000975188,5.07891087129648,8.00713634490967,24,1,0,0,1,0.238418579101562,35.6793746948242,1,1,1,105.265800476074,0,3158316864,105.263107299805,,,,,,,,,,,,,,,,,,0,0,,,,,,,,,,,,,,,,,,,,,,,,,,,,,,
,3940103029.04043,109.233062744141,0,0.000191527133694022,2.62024659895516e-08,1,2,11.9032497406006,4.99539849748706,31.8000018596649,0.247219494026582,0.0350242582812191,1,2.43628164046659e-08,,,,,,,,,,,,,,,,,,,,,109.230743408203,109.235382080078,0,0,49.8424966000534,5.08260298562305,8.0141134262085,24,1,0,0,1,0.239486694335938,35.6793746948242,1,1,1,109.235382080078,0,3158316896,109.233062744141,,,,,,,,,,,,,,,,,,0,0,,,,,,,,,,,,,,,,,,,,,,,,,,,,,,
,3940103225.91327,113.203491210938,0,0.000175807123287168,3.34752809587262e-08,1,2,11.9032497406006,4.99581169829985,31.810000538826,0.226957708128419,0.0321317769273969,1,5.70283231943995e-09,,,,,,,,,,,,,,,,,,,,,113.199531555176,113.207450866699,0,0,49.8163120446591,5.08112976242481,8.02937126159668,24,1,0,0,1,0.242462158203125,35.6793746948242,1,1,1,113.207450866699,0,3158316640,113.203491210938,,,,,,,,,,,,,,,,,,0,0,,,,,,,,,,,,,,,,,,,,,,,,,,,,,,
,3940103423.68739,117.17357635498,0,0.000162825590393848,3.15981348474835e-08,1,2,11.9032497406006,4.99602343064239,31.810000538826,0.21021011858401,0.0297720727083862,1,1.39030681032283e-08,,,,,,,,,,,,,,,,,,,,,117.170074462891,117.17707824707,0,0,49.7232982508706,5.08015965865046,8.03675270080566,24,1,0,0,1,0.243911743164062,34.2131004333496,1,1,1,117.17707824707,0,3158316704,117.17357635498,,,,,,,,,,,,,,,,,,0,0,,,,,,,,,,,,,,,,,,,,,,,,,,,,,,
,3940103621.94395,121.144088745117,0,0.00015196344032272,2.05085023139866e-08,1,2,11.9032497406006,4.99551140836022,31.8199992179871,0.196148733968364,0.0278531810959305,1,6.81301421075166e-08,,,,,,,,,,,,,,,,,,,,,121.142189025879,121.145988464355,0,0,49.7744949188803,5.08228567949828,8.06481075286865,24,1,0,0,1,0.237197875976562,35.6793746948242,1,1,1,121.145988464355,0,3158316864,121.144088745117,,,,,,,,,,,,,,,,,,0,0,,,,,,,,,,,,,,,,,,,,,,,,,,,,,,
,3940103820.74998,125.116584777832,0,0.000142735987295071,2.49300820102855e-08,1,2,11.9032497406006,4.99504732473516,31.8199992179871,0.184220149873542,0.0261174687306447,1,3.22074100060275e-08,,,,,,,,,,,,,,,,,,,,,125.113182067871,125.119987487793,0,0,49.6717107686014,5.08361744860965,8.07335472106934,24,1,0,0,1,0.245361328125,35.6793746948242,1,1,1,125.119987487793,0,3158316896,125.116584777832,,,,,,,,,,,,,,,,,,0,0,,,,,,,,,,,,,,,,,,,,,,,,,,,,,,
,3940104018.51402,129.08814239502,0,0.000134957654357615,2.37406138199544e-08,1,2,11.9032497406006,4.99544082061426,31.8300016224384,0.174198919480227,0.0247070282585557,1,3.82753515646076e-08,,,,,,,,,,,,,,,,,,,,,129.084884643555,129.091400146484,0,0,49.7721500333226,5.0822578207831,8.06616592407227,24,1,0,0,1,0.240631103515625,35.6793746948242,1,1,1,129.091400146484,0,3158316608,129.08814239502,,,,,,,,,,,,,,,,,,0,0,,,,,,,,,,,,,,,,,,,,,,,,,,,,,,
,3940104216.31914,133.057922363281,0,0.000128383622984642,2.3446807995605e-08,1,2,11.9032497406006,4.99511054252429,31.8300016224384,0.165698158126271,0.023500573276572,1,3.58240054060581e-08,,,,,,,,,,,,,,,,,,,,,133.055099487305,133.060745239258,0,0,49.8268640296687,5.08362089367691,8.09116649627686,24,1,0,0,1,0.243911743164062,35.6793746948242,1,1,1,133.060745239258,0,3158316672,133.057922363281,,,,,,,,,,,,,,,,,,0,0,,,,,,,,,,,,,,,,,,,,,,,,,,,,,,
,3940104414.20348,137.028968811035,0,0.0001227032980061,1.8572518567844e-08,1,2,11.9032497406006,4.99499148984808,31.8400003015995,0.15835961177629,0.0224739095060857,1,4.49826031719541e-08,,,,,,,,,,,,,,,,,,,,,137.026718139648,137.031219482422,0,0,49.7795755042553,5.08438073371558,8.08092498779297,24,1,0,0,1,0.239181518554687,35.6793746948242,1,1,1,137.031219482422,0,3158316608,137.028968811035,,,,,,,,,,,,,,,,,,0,0,,,,,,,,,,,,,,,,,,,,,,,,,,,,,,
,3940104611.91801,140.99974822998,0,0.000117789442464136,2.17917584358472e-08,1,2,11.9032497406006,4.99519660531018,31.8499989807606,0.152030460274686,0.0215476742292302,1,2.18988781461716e-08,,,,,,,,,,,,,,,,,,,,,140.997634887695,141.001861572266,0,0,49.8030243598322,5.08391573132948,8.1083984375,24,1,0,0,1,0.23895263671875,35.6793746948242,1,1,1,141.001861572266,0,3158316608,140.99974822998,,,,,,,,,,,,,,,,,,0,0,,,,,,,,,,,,,,,,,,,,,,,,,,,,,,
,3940104811.29032,144.972961425781,0,0.000113471329626784,2.15165048019527e-08,1,2,11.9032497406006,4.99482062713236,31.8499989807606,0.146440118775636,0.020766496068947,1,2.95698013847629e-08,,,,,,,,,,,,,,,,,,,,,144.970397949219,144.975524902344,0,0,49.7690235192457,5.08599044122321,8.10202693939209,24,1,0,0,1,0.239181518554687,35.6793746948242,1,1,1,144.975524902344,0,3158316864,144.972961425781,,,,,,,,,,,,,,,,,,0,0,,,,,,,,,,,,,,,,,,,,,,,,,,,,,,
,3940105009.02433,148.94506072998,0,0.000109702271948789,2.05407542036529e-08,1,2,11.9032497406006,4.99478350167407,31.8600013852119,0.141575433086703,0.0200699131989137,1,2.34772825821641e-08,,,,,,,,,,,,,,,,,,,,,148.942489624023,148.947631835938,0,0,49.766678633688,5.08490739692473,8.10558414459229,24,1,0,0,1,0.239791870117187,36.1681327819824,1,1,1,148.947631835938,0,3158316768,148.94506072998,,,,,,,,,,,,,,,,,,0,0,,,,,,,,,,,,,,,,,,,,,,,,,,,,,,
,3940105208.35525,152.91707611084,0,0.000106318113059587,1.65705603776829e-08,1,2,11.9032497406006,4.99468227143369,31.870000064373,0.13719796149962,0.0194939035026745,1,5.65914488227068e-08,,,,,,,,,,,,,,,,,,,,,152.914154052734,152.919998168945,0,0,49.8483588139476,5.08586638496733,8.11695957183838,24,1,0,0,1,0.2392578125,34.7018585205078,1,1,1,152.919998168945,0,3158316256,152.91707611084,,,,,,,,,,,,,,,,,,0,0,,,,,,,,,,,,,,,,,,,,,,,,,,,,,,
,3940105407.75023,156.888885498047,0,0.000103292787334177,1.52136397115024e-08,1,2,11.9032497406006,4.99448964243844,31.870000064373,0.133284228645495,0.0189559585045033,1,6.87619456731949e-08,,,,,,,,,,,,,,,,,,,,,156.885391235352,156.892379760742,0,0,49.8014611027937,5.08621304993332,8.13611221313477,24,1,0,0,1,0.239944458007813,35.6793746948242,1,1,1,156.892379760742,0,3158316800,156.888885498047,,,,,,,,,,,,,,,,,,0,0,,,,,,,,,,,,,,,,,,,,,,,,,,,,,,
,3940105607.42322,160.860549926758,0,0.000100532143879671,1.80800124414534e-08,1,2,11.9032497406006,4.99493050732763,31.8799987435341,0.129739592895873,0.0184406408889913,1,5.84234593569315e-08,,,,,,,,,,,,,,,,,,,,,160.857162475586,160.86393737793,0,0,49.8104498307649,5.08441860411674,8.13103771209717,24,1,0,0,1,0.239639282226562,35.6793746948242,1,1,1,160.86393737793,0,3158316736,160.860549926758,,,,,,,,,,,,,,,,,,0,0,,,,,,,,,,,,,,,,,,,,,,,,,,,,,,
,3940105808.83826,164.832969665527,0,9.79716693362424e-05,2.01688754013922e-08,1,2,11.9032497406006,4.99529860846234,31.8900011479855,0.126449748060218,0.0179623163460465,1,4.87942562329206e-08,,,,,,,,,,,,,,,,,,,,,164.829147338867,164.836791992187,0,0,49.7580807199764,5.0828709871732,8.14020538330078,24,1,0,0,1,0.245361328125,34.2131004333496,1,1,1,164.836791992187,0,3158316576,164.832969665527,,,,,,,,,,,,,,,,,,0,0,,,,,,,,,,,,,,,,,,,,,,,,,,,,,,
,3940106008.59735,168.803802490234,0,9.56563705788459e-05,1.8734278604654e-08,1,2,11.9032497406006,4.99473277019675,31.8900011479855,0.123439938984874,0.0175487936360667,1,5.82933415390772e-08,,,,,,,,,,,,,,,,,,,,,168.800354003906,168.807250976562,0,0,49.9456715645918,5.08552618066485,8.14613342285156,24,1,0,0,1,0.246505737304687,35.6793746948242,1,1,1,168.807250976562,0,3158316672,168.803802490234,,,,,,,,,,,,,,,,,,0,0,,,,,,,,,,,,,,,,,,,,,,,,,,,,,,
,3940106207.95316,172.775375366211,0,9.34560218257637e-05,1.74401471821403e-08,1,2,11.9032497406006,4.99533513595868,31.8999998271465,0.120623067015422,0.0171322795582286,1,4.47599570619484e-08,,,,,,,,,,,,,,,,,,,,,172.771331787109,172.779418945313,0,0,49.7479195492264,5.08381555440911,8.17074108123779,24,1,0,0,1,0.245895385742187,36.1681327819824,1,1,1,172.779418945313,0,3158316768,172.775375366211,,,,,,,,,,,,,,,,,,0,0,,,,,,,,,,,,,,,,,,,,,,,,,,,,,,
,3940106407.73111,176.747749328613,0,9.13764471906235e-05,2.06916698986621e-08,1,2,11.9032497406006,4.99537342484294,31.9099985063076,0.117940630408528,0.0167484624927982,1,4.16174013963364e-08,,,,,,,,,,,,,,,,,,,,,176.743911743164,176.751586914062,0,0,49.7995070314957,5.08362926266911,8.17225742340088,24,1,0,0,1,0.244140625,36.1681327819824,1,1,1,176.751586914062,0,3158316672,176.747749328613,,,,,,,,,,,,,,,,,,0,0,,,,,,,,,,,,,,,,,,,,,,,,,,,,,,
,3940106607.95094,180.718879699707,0,8.93952935405709e-05,2.09477927829405e-08,1,2,11.9032497406006,4.99582093752163,31.920000910759,0.115396016159239,0.0164013320020486,1,5.15161679812158e-08,,,,,,,,,,,,,,,,,,,,,180.716384887695,180.721374511719,0,0,49.8253007726303,5.08022199144112,8.17253112792969,24,1,0,0,1,0.244064331054687,35.6793746948242,1,1,1,180.721374511719,0,3158316608,180.718879699707,,,,,,,,,,,,,,,,,,0,0,,,,,,,,,,,,,,,,,,,,,,,,,,,,,,
,3940106808.7848,184.691902160645,0,8.74813871056835e-05,1.56646962224826e-08,1,2,11.9032497406006,4.99556584065166,31.92999958992,0.112917236039809,0.0160500834223963,1,5.12200980007254e-08,,,,,,,,,,,,,,,,,,,,,184.687942504883,184.695861816406,0,0,49.853048585063,5.08103252338547,8.1842212677002,24,1,0,0,1,0.2447509765625,34.2131004333496,1,1,1,184.695861816406,0,3158316736,184.691902160645,,,,,,,,,,,,,,,,,,0,0,,,,,,,,,,,,,,,,,,,,,,,,,,,,,,
,3940107008.66215,188.664093017578,0,8.57249653552125e-05,2.19525345780196e-08,1,2,11.9032497406006,4.99516438594738,31.9399982690811,0.110645203215143,0.0156729518035789,1,9.03970779279206e-09,,,,,,,,,,,,,,,,,,,,,188.660522460938,188.667663574219,0,0,49.8206110015149,5.08519301832588,8.20006084442139,24,1,0,0,1,0.239410400390625,36.1681327819824,1,1,1,188.667663574219,0,3158316640,188.664093017578,,,,,,,,,,,,,,,,,,0,0,,,,,,,,,,,,,,,,,,,,,,,,,,,,,,
,3940107208.46382,192.636001586914,0,8.3989127364612e-05,1.83255253797553e-08,1,2,11.9032497406006,4.99523833310402,31.9399982690811,0.108405400678407,0.0153672224559,1,1.76214009508043e-08,,,,,,,,,,,,,,,,,,,,,192.632766723633,192.639236450195,0,0,49.8725892980437,5.0842345249462,8.19009399414062,24,1,0,0,1,0.239334106445313,36.1681327819824,1,1,1,192.639236450195,0,3158316704,192.636001586914,,,,,,,,,,,,,,,,,,0,0,,,,,,,,,,,,,,,,,,,,,,,,,,,,,,
,3940107409.75716,196.609466552734,0,8.23111729133571e-05,1.98376875260951e-08,1,2,11.9032497406006,4.99506488656814,31.9599993526936,0.10623720659324,0.0150403060918061,1,2.41290395770926e-09,,,,,,,,,,,,,,,,,,,,,196.605728149414,196.613204956055,0,0,49.8311629865245,5.08458553367981,8.21584224700928,24,1,0,0,1,0.243301391601562,37.6344108581543,1,1,1,196.613204956055,0,3158316480,196.609466552734,,,,,,,,,,,,,,,,,,0,0,,,,,,,,,,,,,,,,,,,,,,,,,,,,,,
,3940107611.4915,200.581741333008,0,8.07019823814567e-05,1.49848146762727e-08,1,2,11.9032497406006,4.99369621647714,31.9599993526936,0.104119938323041,0.0147434274566428,1,4.54583457691553e-09,,,,,,,,,,,,,,,,,,,,,200.57795715332,200.585525512695,0,0,49.9144064238226,5.08970580047029,8.20724296569824,24,1,0,0,1,0.240325927734375,34.7018585205078,1,1,1,200.585525512695,0,3158316864,200.581741333008,,,,,,,,,,,,,,,,,,0,0,,,,,,,,,,,,,,,,,,,,,,,,,,,,,,
,3940107813.32268,204.55200958252,0,7.91578148953591e-05,1.51493515922466e-08,1,2,11.9032497406006,4.99463539363014,31.9700017571449,0.102153088319922,0.0144755183265988,1,1.25093840043235e-08,,,,,,,,,,,,,,,,,,,,,204.548645019531,204.555374145508,0,0,49.7588623484957,5.08722846458191,8.21730518341064,24,1,0,0,1,0.24017333984375,35.6793746948242,1,1,1,204.555374145508,0,3158316704,204.55200958252,,,,,,,,,,,,,,,,,,0,0,,,,,,,,,,,,,,,,,,,,,,,,,,,,,,
,3940108013.12824,208.524993896484,0,7.76670413141141e-05,1.71697993318502e-08,1,2,11.9032497406006,4.99484048443208,31.980000436306,0.100234294475093,0.014208726828294,1,1.61550204836517e-08,,,,,,,,,,,,,,,,,,,,,208.522186279297,208.527801513672,0,0,49.8237375155918,5.08583494216046,8.22341346740723,24,1,0,0,1,0.239715576171875,33.7243423461914,1,1,1,208.527801513672,0,3158316864,208.524993896484,,,,,,,,,,,,,,,,,,0,0,,,,,,,,,,,,,,,,,,,,,,,,,,,,,,
,3940108212.9789,212.496910095215,0,7.62106327013441e-05,1.74787716785355e-08,1,2,11.9032497406006,4.99557356320718,32.0000015199184,0.0983779147629529,0.0139238276439877,1,-6.63977040160834e-10,,,,,,,,,,,,,,,,,,,,,212.494674682617,212.499145507813,0,0,49.8147487876207,5.0823990074397,8.22838973999023,24,1,0,0,1,0.239181518554687,36.1681327819824,1,1,1,212.499145507813,0,3158316704,212.496910095215,,,,,,,,,,,,,,,,,,0,0,,,,,,,,,,,,,,,,,,,,,,,,,,,,,,
,3940108412.35254,216.469444274902,0,7.47971412665842e-05,1.52105047917257e-08,1,2,11.9032497406006,4.99340248818422,32.0000015199184,0.096494475692172,0.0136580637330912,1,-3.84783472506762e-11,,,,,,,,,,,,,,,,,,,,,216.466903686523,216.471984863281,0,0,49.8260824011495,5.09022604836543,8.24715328216553,24,1,0,0,1,0.241165161132813,35.6793746948242,1,1,1,216.471984863281,0,3158316768,216.469444274902,,,,,,,,,,,,,,,,,,0,0,,,,,,,,,,,,,,,,,,,,,,,,,,,,,,
,3940108613.5415,220.442359924316,0,7.34189046148119e-05,1.65674226207279e-08,1,2,11.9032497406006,4.99475127164919,32.0199988782406,0.0947496673663896,0.013429574619001,1,1.39966872188585e-08,,,,,,,,,,,,,,,,,,,,,220.438751220703,220.44596862793,0,0,49.8725892980437,5.0862448722754,8.25935554504394,24,1,0,0,1,0.239105224609375,35.6793746948242,1,1,1,220.44596862793,0,3158316800,220.442359924316,,,,,,,,,,,,,,,,,,0,0,,,,,,,,,,,,,,,,,,,,,,,,,,,,,,
,3940108815.4444,224.413948059082,0,7.21076420273208e-05,1.64804798376781e-08,1,2,11.9032497406006,4.99376634162167,32.0199988782406,0.0930300480401068,0.0131982274713529,1,2.31588327923796e-08,,,,,,,,,,,,,,,,,,,,,224.410675048828,224.417221069336,0,0,49.8108406450245,5.0885637643384,8.29734039306641,24,1,0,0,1,0.243606567382813,35.6793746948242,1,1,1,224.417221069336,0,3158316672,224.413948059082,,,,,,,,,,,,,,,,,,0,0,,,,,,,,,,,,,,,,,,,,,,,,,,,,,,
,3940109016.73135,228.385437011719,0,7.08118382727708e-05,1.84821860441609e-08,1,2,11.9032497406006,4.99371609305184,32.030001282692,0.091359080913247,0.0129459819411074,1,1.12052378893083e-08,,,,,,,,,,,,,,,,,,,,,228.381317138672,228.389556884766,0,0,49.8135763448418,5.08856601156575,8.30295753479004,24,1,0,0,1,0.242767333984375,35.6793746948242,1,1,1,228.390090942383,0,3158316448,228.385437011719,,,,,,,,,,,,,,,,,,0,0,,,,,,,,,,,,,,,,,,,,,,,,,,,,,,
,3940109217.07125,232.355438232422,0,6.95909211680368e-05,1.51340970377659e-08,1,2,11.9032497406006,4.99437832666347,32.039999961853,0.0898041658400388,0.0126996001795273,1,-8.7730662347088e-09,,,,,,,,,,,,,,,,,,,,,232.353210449219,232.357666015625,0,0,49.8061508739091,5.08506974756342,8.32533264160156,24,1,0,0,1,0.2459716796875,35.6793746948242,1,1,1,232.357666015625,0,3158316608,232.355438232422,,,,,,,,,,,,,,,,,,0,0,,,,,,,,,,,,,,,,,,,,,,,,,,,,,,
,3940109417.86513,236.332275390625,0,6.83656375854202e-05,2.05745552088445e-08,1,2,11.9032497406006,4.9937273893032,32.0499986410141,0.088202588660523,0.0125042030943973,1,1.50047833045452e-08,,,,,,,,,,,,,,,,,,,,,236.328598022461,236.335952758789,0,0,49.8464047426495,5.08817101403404,8.37043762207031,24,1,0,0,1,0.239944458007813,33.7243423461914,1,1,1,236.335952758789,0,3158316864,236.332275390625,,,,,,,,,,,,,,,,,,0,0,,,,,,,,,,,,,,,,,,,,,,,,,,,,,,
,3940109619.70049,240.304916381836,0,6.72039390875782e-05,1.58918873265698e-08,1,2,11.9032497406006,4.99326550004723,32.0600010454655,0.086694266193524,0.0122783052246211,1,5.57922941966856e-09,,,,,,,,,,,,,,,,,,,,,240.301361083984,240.308471679687,0,0,49.9456715645918,5.09003166754176,8.39676666259766,24,1,0,0,1,0.243759155273438,35.6793746948242,1,1,1,240.308471679687,0,3158316736,240.304916381836,,,,,,,,,,,,,,,,,,0,0,,,,,,,,,,,,,,,,,,,,,,,,,,,,,,
,3940109821.95711,244.274147033691,0,6.6087616791811e-05,1.88275756916243e-08,1,2,11.9032497406006,4.99409735318769,32.0699997246265,0.0852731397672776,0.0120836864470289,1,1.05405106166127e-08,,,,,,,,,,,,,,,,,,,,,244.272262573242,244.276031494141,0,0,49.7975529601976,5.08618523332724,8.42810821533203,24,1,0,0,1,0.24017333984375,34.7018585205078,1,1,1,244.276031494141,0,3158316704,244.274147033691,,,,,,,,,,,,,,,,,,0,0,,,,,,,,,,,,,,,,,,,,,,,,,,,,,,
,3940110023.29627,248.247093200684,0,6.49881948420283e-05,1.60199093307251e-08,1,2,11.9032497406006,4.99378717656425,32.0799984037876,0.0838445390254149,0.0119008881028678,1,2.52899128769805e-08,,,,,,,,,,,,,,,,,,,,,248.244781494141,248.249404907227,0,0,49.9132339810437,5.0873004657582,8.48102760314941,24,1,0,0,1,0.243072509765625,35.6793746948242,1,1,1,248.249404907227,0,3158316704,248.247093200684,,,,,,,,,,,,,,,,,,0,0,,,,,,,,,,,,,,,,,,,,,,,,,,,,,,
,3940110223.03293,252.218948364258,0,6.38961044273651e-05,1.26436271380334e-08,1,2,11.9032497406006,4.99341361200831,32.090000808239,0.0824277035733735,0.0116943547165039,1,2.07404319668031e-08,,,,,,,,,,,,,,,,,,,,,252.216094970703,252.221801757813,0,0,49.9366828366207,5.08709465010864,8.50704097747803,24,1,0,0,1,0.241775512695313,36.1681327819824,1,1,1,252.221801757813,0,3158316864,252.218948364258,,,,,,,,,,,,,,,,,,0,0,,,,,,,,,,,,,,,,,,,,,,,,,,,,,,
,3940110424.42953,256.195281982422,0,6.28783215023637e-05,1.6459521350083e-08,1,2,11.9032497406006,4.992880626761,32.1099981665611,0.0810999737869331,0.0115250670557041,1,3.49129024558764e-08,,,,,,,,,,,,,,,,,,,,,256.192260742187,256.198303222656,0,0,49.9120615382649,5.08904754400904,8.56421852111816,24,1,0,0,1,0.243759155273438,35.6793746948242,1,1,1,256.198303222656,0,3158316640,256.195281982422,,,,,,,,,,,,,,,,,,0,0,,,,,,,,,,,,,,,,,,,,,,,,,,,,,,
,3940110626.23682,260.166458129883,0,6.18697143307739e-05,1.40031911023889e-08,1,2,11.9032497406006,4.99287941710417,32.1200005710125,0.0797993224187658,0.0113382904782419,1,3.28771524548118e-08,,,,,,,,,,,,,,,,,,,,,260.163543701172,260.169372558594,0,0,49.964821463313,5.08950852599707,8.66455459594727,24,1,0,0,1,0.243148803710938,34.7018585205078,1,1,1,260.169372558594,0,3158316832,260.166458129883,,,,,,,,,,,,,,,,,,0,0,,,,,,,,,,,,,,,,,,,,,,,,,,,,,,
,3940110828.006,264.137619018555,0,6.09163578919119e-05,1.65017018021859e-08,1,2,11.9032497406006,4.99251616057122,32.1299992501736,0.0785662678872281,0.0111300827687987,1,7.28193354158286e-09,,,,,,,,,,,,,,,,,,,,,264.135070800781,264.140167236328,0,0,49.855002656361,5.08995261248611,8.77463054656982,24,1,0,0,1,0.24200439453125,35.6793746948242,1,1,1,264.140167236328,0,3158316832,264.137619018555,,,,,,,,,,,,,,,,,,0,0,,,,,,,,,,,,,,,,,,,,,,,,,,,,,,
,3940111029.37099,268.109497070313,0,5.99599060426806e-05,1.71630668703224e-08,1,2,11.9032497406006,4.99221901624618,32.150000333786,0.0773221353628624,0.0109835033292792,1,2.97218787362404e-08,,,,,,,,,,,,,,,,,,,,,268.106384277344,268.112609863281,0,0,49.9867070618514,5.09256125198198,8.77441310882568,24,1,0,0,1,0.24078369140625,33.7243423461914,1,1,1,268.113159179687,0,3158316448,268.109497070313,,,,,,,,,,,,,,,,,,0,0,,,,,,,,,,,,,,,,,,,,,,,,,,,,,,
,3940111230.61759,272.083557128906,0,5.90201988540366e-05,1.51649572853392e-08,1,2,11.9032497406006,4.99157018041432,32.1599990129471,0.0761020397856227,0.0107701104205298,1,-1.21502824384252e-09,,,,,,,,,,,,,,,,,,,,,272.079742431641,272.087371826172,0,0,49.9796724051784,5.09371196562174,8.83938312530518,24,1,0,0,1,0.239791870117187,35.190616607666,1,1,1,272.087371826172,0,3158316864,272.083557128906,,,,,,,,,,,,,,,,,,0,0,,,,,,,,,,,,,,,,,,,,,,,,,,,,,,
,3940111432.46591,276.055450439453,0,5.81086874541561e-05,1.80601237430586e-08,1,2,11.9032497406006,4.99069044046325,32.1700014173985,0.0749069692162791,0.0106100775858663,1,5.72117183883077e-09,,,,,,,,,,,,,,,,,,,,,276.051727294922,276.059173583984,0,0,50.0121099887264,5.09576709943938,8.97467422485352,24,1,0,0,1,0.247268676757813,35.6793746948242,1,1,1,276.059173583984,0,3158316384,276.055450439453,,,,,,,,,,,,,,,,,,0,0,,,,,,,,,,,,,,,,,,,,,,,,,,,,,,
,3940111634.32898,280.027557373047,0,5.72353147134352e-05,1.71907978134139e-08,1,2,11.9032497406006,4.99080160274662,32.1800000965595,0.073780865923803,0.0104689723128653,1,1.96275762742152e-08,,,,,,,,,,,,,,,,,,,,,280.024566650391,280.030548095703,0,0,50.0703413134091,5.09688885692828,8.99409866333008,24,1,0,0,1,0.246963500976562,35.6793746948242,1,1,1,280.030548095703,0,3158316736,280.027557373047,,,,,,,,,,,,,,,,,,0,0,,,,,,,,,,,,,,,,,,,,,,,,,,,,,,
,3940111836.13032,284.000625610352,0,5.63391652642814e-05,1.61431372028213e-08,1,2,11.9032497406006,4.99111757831078,32.200001180172,0.0726322745764972,0.0103046986857539,1,1.83342099490951e-08,,,,,,,,,,,,,,,,,,,,,283.998565673828,284.002685546875,0,0,50.0875371408322,5.09380894898072,9.0620698928833,24,1,0,0,1,0.246963500976562,34.2131004333496,1,1,1,284.002685546875,0,3158316544,284.000625610352,,,,,,,,,,,,,,,,,,0,0,,,,,,,,,,,,,,,,,,,,,,,,,,,,,,
,3940112038.91392,287.975830078125,0,5.55102190705738e-05,1.6392955488282e-08,1,2,11.9032497406006,4.99012419976725,32.209999859333,0.0715471393172198,0.0101256795038879,1,-1.00010703837212e-09,,,,,,,,,,,,,,,,,,,,,287.971038818359,287.980621337891,0,0,49.9589592494187,5.09725862232164,9.15985584259033,23,1,4,0,0,0.244598388671875,35.6793746948242,1,1,1,287.980621337891,0,3158316576,287.975830078125,,,,,,,,,,,,,,,,,,0,0,,,,,,,,,,,,,,,,,,,,,,,,,,,,,,
,3940112242.66542,291.945922851562,0,5.46324203408981e-05,2.00006990235083e-08,1,2,11.9032497406006,4.98963629153897,32.2199985384941,0.0704063335762378,0.0099625794340985,1,-2.23797083639391e-09,,,,,,,,,,,,,,,,,,,,,291.941925048828,291.949920654297,0,0,50.0027304464957,5.10063653131414,9.1316385269165,24,1,0,0,1,0.246200561523438,35.190616607666,1,1,1,291.949920654297,0,3158316800,291.945922851562,,,,,,,,,,,,,,,,,,0,0,,,,,,,,,,,,,,,,,,,,,,,,,,,,,,
,3940112444.59544,295.920074462891,0,5.37577955018516e-05,1.44218316776878e-08,1,2,11.9032497406006,4.98945295321616,32.2399996221066,0.0692746567967378,0.00980935631781093,1,3.05512222658751e-09,,,,,,,,,,,,,,,,,,,,,295.916534423828,295.923614501953,0,0,49.9831897335149,5.09989950264898,9.10377311706543,24,1,0,0,1,0.240325927734375,35.6793746948242,1,1,1,295.923614501953,0,3158316864,295.920074462891,,,,,,,,,,,,,,,,,,0,0,,,,,,,,,,,,,,,,,,,,,,,,,,,,,,
,3940112646.35169,299.891342163086,0,5.28862685917333e-05,1.76698634452959e-08,1,2,11.9032497406006,4.98945297748865,32.2499983012676,0.0681499530943984,0.0096617452733499,1,1.18669163447776e-08,,,,,,,,,,,,,,,,,,,,,299.888519287109,299.894165039063,0,0,50.0453292007938,5.10248913262897,9.09903335571289,24,1,0,0,1,0.247573852539062,36.6568908691406,1,1,1,299.894165039063,0,3158316832,299.891342163086,,,,,,,,,,,,,,,,,,0,0,,,,,,,,,,,,,,,,,,,,,,,,,,,,,,
,3940113961.07911,10.0000495910645,0,0.0129810271128575,1.90744119324847e-06,1,2,11.9032497406006,4.97466180777863,31.7399986088276,16.654680177567,2.38535273725767,10,2.13901101339968e-05,,,,,,,,,,,,,,,,,,,,,10.0000495910645,10.0000495910645,0,0,49.8202201872553,5.0784480791193,6.28576326370239,24,1,0,0,1,0.240249633789062,35.190616607666,1,1,1,10.0000495910645,0,3158316416,10.0000495910645,,,,,,,,,,,,,,,,,,0,0,,,,,,,,,,,,,,,,,,,,,,,,,,,,,,
,3940114163.15818,13.9722652435303,0,0.0108343555425971,1.57808778967811e-06,1,2,11.9032497406006,4.98358182136678,31.7399986088276,13.9352918202419,1.99720294191898,10,1.88678619808236e-05,,,,,,,,,,,,,,,,,,,,,13.9722652435303,13.9722652435303,0,0,49.8127947163226,5.082298156961,6.694739818573,24,1,0,0,1,0.241317749023438,35.190616607666,1,1,1,13.9722652435303,0,3158316448,13.9722652435303,,,,,,,,,,,,,,,,,,0,0,,,,,,,,,,,,,,,,,,,,,,,,,,,,,,
,3940114349.72983,17.945219039917,0,0.00881730510857869,1.26876429249136e-06,1,2,11.9032497406006,4.98426364318438,31.7399986088276,11.3432956806093,1.62437773410432,10,1.43338623419216e-05,,,,,,,,,,,,,,,,,,,,,17.9451293945313,17.9453086853027,0,0,49.7959897031591,5.0794672985567,6.88646364212036,24,1,0,0,1,0.23712158203125,35.190616607666,1,1,1,17.9453086853027,0,3158316704,17.945219039917,,,,,,,,,,,,,,,,,,0,0,,,,,,,,,,,,,,,,,,,,,,,,,,,,,,
,3940114539.43101,21.9178915023804,0,0.0072128075739224,1.02261391036734e-06,1,2,11.9032497406006,4.98368437945177,31.7399986088276,9.27781018094728,1.32728769490625,10,1.07280758947384e-05,,,,,,,,,,,,,,,,,,,,,21.9177703857422,21.9180126190186,0,0,49.7752765473995,5.08157000326494,7.06386661529541,24,1,0,0,1,0.237197875976562,35.190616607666,1,1,1,21.9180126190186,0,3158316256,21.9178915023804,,,,,,,,,,,,,,,,,,0,0,,,,,,,,,,,,,,,,,,,,,,,,,,,,,,
,3940114731.21936,25.8904485702515,0,0.00592213422877804,1.07963780754398e-06,1,2,11.9032497406006,4.98424226714311,31.7399986088276,7.61903545512642,1.08840550001012,10,7.60704350404198e-06,,,,,,,,,,,,,,,,,,,,,25.8903942108154,25.8905029296875,0,0,49.8671178984091,5.07973643304754,7.16173696517944,24,1,0,0,1,0.237579345703125,33.7243423461914,1,1,1,25.8905029296875,0,3158316640,25.8904485702515,,,,,,,,,,,,,,,,,,0,0,,,,,,,,,,,,,,,,,,,,,,,,,,,,,,
,3940114922.50596,29.8629179000854,0,0.0048739110782926,8.25735457501628e-07,1,2,11.9032497406006,4.98447442218658,31.7399986088276,6.27103365074642,0.894649041480185,10,5.35437133278578e-06,,,,,,,,,,,,,,,,,,,,,29.8628559112549,29.862979888916,0,0,49.7299420932841,5.0789286499102,7.2752833366394,24,1,0,0,1,0.243988037109375,35.190616607666,1,1,1,29.862979888916,0,3158316384,29.8629179000854,,,,,,,,,,,,,,,,,,0,0,,,,,,,,,,,,,,,,,,,,,,,,,,,,,,
,3940115116.30941,33.8351707458496,0,0.0040153164088943,5.85928014048539e-07,1,2,11.9032497406006,4.98337417942881,31.750001013279,5.16481016242908,0.736193124538053,10,3.92505633290964e-06,,,,,,,,,,,,,,,,,,,,,33.8351593017578,33.8351821899414,0,0,49.7393216355149,5.08410836634997,7.37281322479248,24,1,0,0,1,0.239791870117187,35.6793746948242,1,1,1,33.8351821899414,0,3158316608,33.8351707458496,,,,,,,,,,,,,,,,,,0,0,,,,,,,,,,,,,,,,,,,,,,,,,,,,,,
,3940115311.58489,37.8070507049561,0,0.00331234516654366,5.35806039055003e-07,1,2,11.9032497406006,4.98378442954002,31.7399986088276,4.26155488897677,0.604062762152685,10,6.62643452778259e-07,,,,,,,,,,,,,,,,,,,,,37.8069152832031,37.807186126709,0,0,49.8167028589187,5.08404476899592,7.44633626937866,24,1,0,0,1,0.2398681640625,35.6793746948242,1,1,1,37.807186126709,0,3158316736,37.8070507049561,,,,,,,,,,,,,,,,,,0,0,,,,,,,,,,,,,,,,,,,,,,,,,,,,,,
,3940115508.90074,41.7783546447754,0,0.00273396596948318,4.41356636009585e-07,1,2,11.9032497406006,4.98393221320722,31.7399986088276,3.51762963020877,0.498236728855432,10,2.59818618395363e-07,,,,,,,,,,,,,,,,,,,,,41.7778739929199,41.7788352966309,0,0,49.8628189415534,5.08155157597722,7.51055479049683,24,1,0,0,1,0.238418579101562,35.190616607666,1,1,1,41.7788352966309,0,3158316672,41.7783546447754,,,,,,,,,,,,,,,,,,0,0,,,,,,,,,,,,,,,,,,,,,,,,,,,,,,
,3940115705.20303,45.7488441467285,0,0.00225959550004793,4.00528441680317e-07,1,2,11.9032497406006,4.98332086725633,31.7399986088276,2.90683353260547,0.41137962263906,10,-4.7415860491941e-08,,,,,,,,,,,,,,,,,,,,,45.7485580444336,45.7491302490234,0,0,49.8127947163226,5.08544673143319,7.5933895111084,24,1,0,0,1,0.241622924804687,35.6793746948242,1,1,1,45.7491302490234,0,3158316704,45.7488441467285,,,,,,,,,,,,,,,,,,0,0,,,,,,,,,,,,,,,,,,,,,,,,,,,,,,
,3940115902.46579,49.7179985046387,0,0.00186907386184897,3.07230912343648e-07,1,2,11.9032497406006,4.98314314262158,31.750001013279,2.40440025389149,0.339773624644489,10,-4.2093010193007e-07,,,,,,,,,,,,,,,,,,,,,49.7172966003418,49.7187004089355,0,0,49.7549542058995,5.08592615905838,7.67258501052856,24,1,0,0,1,0.240631103515625,35.190616607666,1,1,1,49.7187004089355,0,3158316672,49.7179985046387,,,,,,,,,,,,,,,,,,0,0,,,,,,,,,,,,,,,,,,,,,,,,,,,,,,
,3940116101.75957,53.6872234344482,0,0.00154720263967122,3.14469078629817e-07,1,2,11.9032497406006,4.98300249295332,31.750001013279,1.99020333210305,0.28166697311954,10,-2.46255796733333e-08,,,,,,,,,,,,,,,,,,,,,53.6861572265625,53.688289642334,0,0,49.7608164197937,5.08828805051028,7.75955247879028,24,1,0,0,1,0.2410888671875,35.6793746948242,1,1,1,53.688289642334,0,3158316800,53.6872234344482,,,,,,,,,,,,,,,,,,0,0,,,,,,,,,,,,,,,,,,,,,,,,,,,,,,
,3940116301.56148,57.6548881530762,0,0.00128261495546277,2.13208160939539e-07,1,2,11.9032497406006,4.98234278178863,31.750001013279,1.6495508449296,0.23346180200393,10,-1.56408760444894e-08,,,,,,,,,,,,,,,,,,,,,57.6536331176758,57.6561431884766,0,0,49.8198293729957,5.09001506428256,7.77612543106079,24,1,0,0,1,0.24200439453125,35.190616607666,1,1,1,57.6561431884766,0,3158316896,57.6548881530762,,,,,,,,,,,,,,,,,,0,0,,,,,,,,,,,,,,,,,,,,,,,,,,,,,,
,3940116501.81618,61.6221885681152,0,0.00106422786627396,1.51343883057317e-07,1,2,11.9032497406006,4.98230664943502,31.750001013279,1.36868791897256,0.193601740413927,10,-9.63598956562333e-08,,,,,,,,,,,,,,,,,,,,,61.6213150024414,61.6230621337891,0,0,49.8718076695245,5.08726538440503,7.82329368591309,24,1,0,0,1,0.242233276367187,35.6793746948242,1,1,1,61.6230621337891,0,3158316800,61.6221885681152,,,,,,,,,,,,,,,,,,0,0,,,,,,,,,,,,,,,,,,,,,,,,,,,,,,
,3940116700.72558,65.5899543762207,0,0.000884348832612536,1.5041931723959e-07,1,2,11.9032497406006,4.98326678064875,31.75999969244,1.13767199878536,0.16080483243028,10,-1.71192952896865e-07,,,,,,,,,,,,,,,,,,,,,65.5883178710937,65.5915908813477,0,0,49.8522669565437,5.08464376710699,7.83742904663086,24,1,0,0,1,0.2423095703125,36.1681327819824,1,1,1,65.5915908813477,0,3158316832,65.5899543762207,,,,,,,,,,,,,,,,,,0,0,,,,,,,,,,,,,,,,,,,,,,,,,,,,,,
,3940116900.50657,69.556095123291,0,0.000737418095766736,1.2725570160978e-07,1,2,11.9032497406006,4.98222342674601,31.75999969244,0.94839659420792,0.133890690853458,10,-2.65418328964962e-07,,,,,,,,,,,,,,,,,,,,,69.5544052124023,69.5577850341797,0,0,49.8475771854284,5.08844993320487,7.85411834716797,24,1,0,0,1,0.244140625,35.6793746948242,1,1,1,69.5577850341797,0,3158316704,69.556095123291,,,,,,,,,,,,,,,,,,0,0,,,,,,,,,,,,,,,,,,,,,,,,,,,,,,
,3940117100.27363,73.5219688415527,0,0.000617023728074311,1.03316706603398e-07,1,2,11.9032497406006,4.98194841291192,31.75999969244,0.793491084886992,0.112053307162299,10,-1.98044259262331e-07,,,,,,,,,,,,,,,,,,,,,73.5201110839844,73.5238265991211,0,0,49.8151396018803,5.08910078982528,7.88778972625732,24,1,0,0,1,0.242996215820313,35.190616607666,1,1,1,73.5238265991211,0,3158316576,73.5219688415527,,,,,,,,,,,,,,,,,,0,0,,,,,,,,,,,,,,,,,,,,,,,,,,,,,,
,3940117300.06352,77.4872894287109,0,0.000517948617179076,5.7694819971335e-08,1,2,11.9032497406006,4.98191341279541,31.7699983716011,0.66608065344002,0.0940141781246076,10,-2.01917989131691e-07,,,,,,,,,,,,,,,,,,,,,77.485595703125,77.4889831542969,0,0,49.7967713316783,5.08977392153983,7.9093189239502,24,1,0,0,1,0.237808227539062,36.1681327819824,1,1,1,77.4889831542969,0,3158316640,77.4872894287109,,,,,,,,,,,,,,,,,,0,0,,,,,,,,,,,,,,,,,,,,,,,,,,,,,,
,3940117508.12388,81.4662780761719,0,0.000434581643294742,6.52481500912407e-08,1,2,11.9032497406006,4.98237764586484,31.7699983716011,0.558846282437284,0.0795823503911288,1,3.67104202829818e-07,,,,,,,,,,,,,,,,,,,,,81.4662780761719,81.4662780761719,0,0,49.7842652753707,5.08889173546165,7.93959712982178,24,1,0,0,1,0.240936279296875,35.6793746948242,1,1,1,81.4662780761719,0,3158316832,81.4662780761719,,,,,,,,,,,,,,,,,,0,0,,,,,,,,,,,,,,,,,,,,,,,,,,,,,,
,3940117706.76159,85.4237403869629,0,0.000368417041785687,5.60228100350411e-08,1,2,11.9032497406006,4.98175634539071,31.7699983716011,0.473700202942926,0.0673092707883317,1,1.98484649710179e-07,,,,,,,,,,,,,,,,,,,,,85.4211807250977,85.4263000488281,0,0,49.7487011777457,5.09125141129568,7.94446754455566,24,1,0,0,1,0.243377685546875,35.6793746948242,1,1,1,85.4263000488281,0,3158316480,85.4237403869629,,,,,,,,,,,,,,,,,,0,0,,,,,,,,,,,,,,,,,,,,,,,,,,,,,,
,3940117905.05781,89.3888473510742,0,0.000313856774915365,5.05057581448763e-08,1,2,11.9032497406006,4.98237751211217,31.7800007760525,0.403645648821274,0.0571608948129934,1,2.1109061919239e-08,,,,,,,,,,,,,,,,,,,,,89.3866882324219,89.3910064697266,0,0,49.8006794742745,5.09017251567218,7.95065689086914,24,1,0,0,1,0.241851806640625,34.2131004333496,1,1,1,89.3910064697266,0,3158316672,89.3888473510742,,,,,,,,,,,,,,,,,,0,0,,,,,,,,,,,,,,,,,,,,,,,,,,,,,,
,3940118102.33957,93.3551712036133,0,0.000268304870624354,4.8572455323741e-08,1,2,11.9032497406006,4.98150056322508,31.7800007760525,0.344980188448823,0.0488301575174702,1,4.86575959539001e-10,,,,,,,,,,,,,,,,,,,,,93.3526840209961,93.3576583862305,0,0,49.8600832417361,5.09222175046641,7.96697187423706,24,1,0,0,1,0.243682861328125,35.6793746948242,1,1,1,93.3576583862305,0,3158316736,93.3551712036133,,,,,,,,,,,,,,,,,,0,0,,,,,,,,,,,,,,,,,,,,,,,,,,,,,,
,3940118299.63123,97.3241004943848,0,0.000230496126666326,4.04927316252287e-08,1,2,11.9032497406006,4.98239052072161,31.7899994552135,0.296435745155159,0.0419955451029483,1,2.83186593513538e-08,,,,,,,,,,,,,,,,,,,,,97.3208160400391,97.3273849487305,0,0,49.8186569302168,5.08999782018024,7.99249982833862,24,1,0,0,1,0.243072509765625,35.6793746948242,1,1,1,97.3273849487305,0,3158316928,97.3241004943848,,,,,,,,,,,,,,,,,,0,0,,,,,,,,,,,,,,,,,,,,,,,,,,,,,,
,3940118497.42896,101.291374206543,0,0.000199102175350117,3.15194126426742e-08,1,2,11.9032497406006,4.98203976777905,31.7899994552135,0.256038721936238,0.0362488804710414,1,6.40384663670905e-09,,,,,,,,,,,,,,,,,,,,,101.288475036621,101.294273376465,0,0,49.8077141309476,5.09051196353709,8.01090335845947,24,1,0,0,1,0.242843627929687,35.190616607666,1,1,1,101.294273376465,0,3158316704,101.291374206543,,,,,,,,,,,,,,,,,,0,0,,,,,,,,,,,,,,,,,,,,,,,,,,,,,,
,3940118693.25045,105.262401580811,0,0.000173170499525157,2.33187115489813e-08,1,2,11.9032497406006,4.98216486798443,31.8000018596649,0.222702323693958,0.0315074405558029,1,-1.10590383630751e-08,,,,,,,,,,,,,,,,,,,,,105.259971618652,105.264831542969,0,0,49.8135763448418,5.09127327631471,8.02369594573975,24,1,0,0,1,0.243148803710938,36.1681327819824,1,1,1,105.264831542969,0,3158316640,105.262401580811,,,,,,,,,,,,,,,,,,0,0,,,,,,,,,,,,,,,,,,,,,,,,,,,,,,
,3940118889.0221,109.230350494385,0,0.000151628976365058,2.85312013745517e-08,1,2,11.9032497406006,4.98234414958836,31.8000018596649,0.195008360292918,0.0275949334100331,1,-5.4339005580288e-09,,,,,,,,,,,,,,,,,,,,,109.228141784668,109.232559204102,0,0,49.8249099583707,5.09056246550465,8.03751945495606,24,1,0,0,1,0.242843627929687,36.6568908691406,1,1,1,109.232559204102,0,3158316544,109.230350494385,,,,,,,,,,,,,,,,,,0,0,,,,,,,,,,,,,,,,,,,,,,,,,,,,,,
,3940119085.88361,113.203620910645,0,0.000133472953207024,2.22851939750956e-08,1,2,11.9032497406006,4.9814541612081,31.810000538826,0.171618448548082,0.024261013810706,1,-2.31567615125632e-08,,,,,,,,,,,,,,,,,,,,,113.199661254883,113.207580566406,0,0,49.837806828938,5.09259693016114,8.05124473571777,24,1,0,0,1,0.24505615234375,35.190616607666,1,1,1,113.207580566406,0,3158316640,113.203620910645,,,,,,,,,,,,,,,,,,0,0,,,,,,,,,,,,,,,,,,,,,,,,,,,,,,
,3940119284.13636,117.173679351807,0,0.000118484174621614,2.44329714689423e-08,1,2,11.9032497406006,4.98218289607983,31.810000538826,0.152373311698457,0.0215687800489262,1,1.07445054639278e-09,,,,,,,,,,,,,,,,,,,,,117.171447753906,117.175910949707,0,0,49.7186084797553,5.09230255459209,8.04639530181885,24,1,0,0,1,0.242233276367187,37.1456527709961,1,1,1,117.175910949707,0,3158316480,117.173679351807,,,,,,,,,,,,,,,,,,0,0,,,,,,,,,,,,,,,,,,,,,,,,,,,,,,
,3940119481.42118,121.143165588379,0,0.000105903077843638,2.25350606055802e-08,1,2,11.9032497406006,4.9817930759833,31.8199992179871,0.136180981047183,0.0192609803330025,1,-1.10393777716569e-08,,,,,,,,,,,,,,,,,,,,,121.140075683594,121.146255493164,0,0,49.8186569302168,5.09197599020976,8.06670951843262,24,1,0,0,1,0.24444580078125,35.6793746948242,1,1,1,121.146255493164,0,3158316800,121.143165588379,,,,,,,,,,,,,,,,,,0,0,,,,,,,,,,,,,,,,,,,,,,,,,,,,,,
,3940119680.73529,125.116302490234,0,9.53333316278205e-05,1.89617926373511e-08,1,2,11.9032497406006,4.98153716360064,31.8199992179871,0.122581944852441,0.0173271139203052,1,-1.79163737261368e-08,,,,,,,,,,,,,,,,,,,,,125.112678527832,125.119926452637,0,0,49.8319446150437,5.09231156742254,8.06620693206787,24,1,0,0,1,0.243606567382813,35.6793746948242,1,1,1,125.119926452637,0,3158316832,125.116302490234,,,,,,,,,,,,,,,,,,0,0,,,,,,,,,,,,,,,,,,,,,,,,,,,,,,
,3940119878.50098,129.085380554199,0,8.64152879802789e-05,2.05113863766976e-08,1,2,11.9032497406006,4.98058170033466,31.8300016224384,0.111081803658027,0.0157247179984594,1,1.42614105070165e-09,,,,,,,,,,,,,,,,,,,,,129.082336425781,129.088424682617,0,0,49.7756673616591,5.09510154049287,8.07619476318359,24,1,0,0,1,0.245742797851562,35.6793746948242,1,1,1,129.088424682617,0,3158316672,129.085380554199,,,,,,,,,,,,,,,,,,0,0,,,,,,,,,,,,,,,,,,,,,,,,,,,,,,
,3940120076.34365,133.058067321777,0,7.89178278865657e-05,2.10456778237869e-08,1,2,11.9032497406006,4.98097363667375,31.8300016224384,0.101453594259306,0.0143751444671499,1,1.15162481813939e-08,,,,,,,,,,,,,,,,,,,,,133.055236816406,133.060897827148,0,0,49.7744949188803,5.09421840913714,8.09823036193848,24,1,0,0,1,0.244140625,35.190616607666,1,1,1,133.060897827148,0,3158316864,133.058067321777,,,,,,,,,,,,,,,,,,0,0,,,,,,,,,,,,,,,,,,,,,,,,,,,,,,
,3940120274.11706,137.027809143066,0,7.25541802986255e-05,1.71718443140251e-08,1,2,11.9032497406006,4.98103480271546,31.8400003015995,0.0932741330705648,0.0132177484191922,1,1.17823032645434e-08,,,,,,,,,,,,,,,,,,,,,137.025299072266,137.030319213867,0,0,49.7944264461207,5.09438937877869,8.0890998840332,24,1,0,0,1,0.245513916015625,33.2355842590332,1,1,1,137.030319213867,0,3158316352,137.027809143066,,,,,,,,,,,,,,,,,,0,0,,,,,,,,,,,,,,,,,,,,,,,,,,,,,,
,3940120473.40568,141.002632141113,0,6.7043645360271e-05,1.84809805949427e-08,1,2,11.9032497406006,4.98016245716525,31.8499989807606,0.0861650554410068,0.0122368478279688,1,3.11128245108724e-08,,,,,,,,,,,,,,,,,,,,,140.999557495117,141.005706787109,0,0,49.8827504687937,5.09740248772611,8.11331367492676,24,1,0,0,1,0.248260498046875,35.6793746948242,1,1,1,141.005706787109,0,3158316832,141.002632141113,,,,,,,,,,,,,,,,,,0,0,,,,,,,,,,,,,,,,,,,,,,,,,,,,,,
,3940120673.21947,144.971778869629,0,6.23586127709512e-05,1.60549313106362e-08,1,2,11.9032497406006,4.98130119467675,31.8499989807606,0.0801758426495858,0.0113406738081637,1,-5.83533268043493e-09,,,,,,,,,,,,,,,,,,,,,144.969207763672,144.974349975586,0,0,49.8167028589187,5.09367639437976,8.10582542419434,24,1,0,0,1,0.240020751953125,35.190616607666,1,1,1,144.974349975586,0,3158316864,144.971778869629,,,,,,,,,,,,,,,,,,0,0,,,,,,,,,,,,,,,,,,,,,,,,,,,,,,
,3940120870.5277,148.943069458008,0,5.82719439638285e-05,1.3857417671118e-08,1,2,11.9032497406006,4.98084487842824,31.8600013852119,0.0749043876958844,0.0106491597543631,1,3.58199331325731e-08,,,,,,,,,,,,,,,,,,,,,148.939804077148,148.946334838867,0,0,49.8350711291207,5.0961973317076,8.12074184417725,24,1,0,0,1,0.245895385742187,35.6793746948242,1,1,1,148.946334838867,0,3158316288,148.943069458008,,,,,,,,,,,,,,,,,,0,0,,,,,,,,,,,,,,,,,,,,,,,,,,,,,,
,3940121069.8549,152.918510437012,0,5.47733900390476e-05,1.62811806017661e-08,1,2,11.9032497406006,4.9808287291176,31.870000064373,0.0704138460902476,0.00996088242370779,1,-4.3485875672868e-09,,,,,,,,,,,,,,,,,,,,,152.914779663086,152.922241210938,0,0,49.8229558870726,5.09553447891497,8.14015960693359,24,1,0,0,1,0.24444580078125,35.6793746948242,1,1,1,152.922241210938,0,3158316640,152.918510437012,,,,,,,,,,,,,,,,,,0,0,,,,,,,,,,,,,,,,,,,,,,,,,,,,,,
,3940121269.63968,156.888137817383,0,5.16988063311948e-05,1.59421527506209e-08,1,2,11.9032497406006,4.98050038308917,31.870000064373,0.0664557522143994,0.00939680395857644,1,-7.27623930996904e-09,,,,,,,,,,,,,,,,,,,,,156.884658813477,156.891616821289,0,0,49.8151396018803,5.09677759499546,8.13029479980469,24,1,0,0,1,0.246047973632813,35.6793746948242,1,1,1,156.891616821289,0,3158316448,156.888137817383,,,,,,,,,,,,,,,,,,0,0,,,,,,,,,,,,,,,,,,,,,,,,,,,,,,
,3940121469.44244,160.860252380371,0,4.89485283181653e-05,1.32362050297118e-08,1,2,11.9032497406006,4.98023790827115,31.8799987435341,0.0629127426276195,0.00891772716640583,1,9.81711034006236e-09,,,,,,,,,,,,,,,,,,,,,160.857269287109,160.863235473633,0,0,49.8503128852457,5.09818080343684,8.15359973907471,24,1,0,0,1,0.246047973632813,37.6344108581543,1,1,1,160.863235473633,0,3158316672,160.860252380371,,,,,,,,,,,,,,,,,,0,0,,,,,,,,,,,,,,,,,,,,,,,,,,,,,,
,3940121668.67519,164.832359313965,0,4.65165445945844e-05,1.28963518333018e-08,1,2,11.9032497406006,4.98085884922047,31.8900011479855,0.0597996654302923,0.00846019397516569,1,-3.07182375943641e-09,,,,,,,,,,,,,,,,,,,,,164.828720092773,164.835998535156,0,0,49.9210502662361,5.09472642124743,8.15103149414062,24,1,0,0,1,0.245590209960938,35.6793746948242,1,1,1,164.836471557617,0,3158316704,164.832359313965,,,,,,,,,,,,,,,,,,0,0,,,,,,,,,,,,,,,,,,,,,,,,,,,,,,
,3940121868.5667,168.804626464844,0,4.43367363616018e-05,1.5013068243338e-08,1,2,11.9032497406006,4.98052558253818,31.8900011479855,0.0569914855645596,0.00806696757062625,1,1.7055083623353e-10,,,,,,,,,,,,,,,,,,,,,168.801223754883,168.808029174805,0,0,49.8260824011495,5.09626124611202,8.15115833282471,24,1,0,0,1,0.240859985351562,35.6793746948242,1,1,1,168.808029174805,0,3158316672,168.804626464844,,,,,,,,,,,,,,,,,,0,0,,,,,,,,,,,,,,,,,,,,,,,,,,,,,,
,3940122067.87213,172.775398254395,0,4.23747144517579e-05,1.54288589376731e-08,1,2,11.9032497406006,4.98102048233136,31.8999998271465,0.0544713611778564,0.0077512296766693,1,3.14113743503211e-08,,,,,,,,,,,,,,,,,,,,,172.77116394043,172.779632568359,0,0,49.9472348216303,5.09340631490196,8.17781162261963,24,1,0,0,1,0.24017333984375,36.1681327819824,1,1,1,172.779632568359,0,3158316640,172.775398254395,,,,,,,,,,,,,,,,,,0,0,,,,,,,,,,,,,,,,,,,,,,,,,,,,,,
,3940122268.19998,176.747901916504,0,4.05917704443217e-05,1.37566746352698e-08,1,2,11.9032497406006,4.98110460542666,31.9099985063076,0.05218156812643,0.00741898336628058,1,2.52017956505712e-08,,,,,,,,,,,,,,,,,,,,,176.745498657227,176.750305175781,0,0,49.7877826037072,5.09270952142471,8.17087554931641,24,1,0,0,1,0.2392578125,35.6793746948242,1,1,1,176.750305175781,0,3158316416,176.747901916504,,,,,,,,,,,,,,,,,,0,0,,,,,,,,,,,,,,,,,,,,,,,,,,,,,,
,3940122467.95025,180.719619750977,0,3.89679046881561e-05,1.36331934253606e-08,1,2,11.9032497406006,4.97989407779508,31.920000910759,0.0500753448398866,0.00713131993366656,1,3.31875876517956e-08,,,,,,,,,,,,,,,,,,,,,180.717498779297,180.721740722656,0,0,49.8413241572745,5.09717979766484,8.18878269195557,24,1,0,0,1,0.240402221679687,35.6793746948242,1,1,1,180.721740722656,0,3158316608,180.719619750977,,,,,,,,,,,,,,,,,,0,0,,,,,,,,,,,,,,,,,,,,,,,,,,,,,,
,3940122666.69293,184.692932128906,0,3.74716805465132e-05,1.14057082979086e-08,1,2,11.9032497406006,4.98064988620604,31.92999958992,0.0481635146895492,0.00685452694074858,1,2.84621184172281e-08,,,,,,,,,,,,,,,,,,,,,184.689102172852,184.696762084961,0,0,49.837806828938,5.09518993360571,8.18265628814697,24,1,0,0,1,0.239639282226562,36.6568908691406,1,1,1,184.696762084961,0,3158316896,184.692932128906,,,,,,,,,,,,,,,,,,0,0,,,,,,,,,,,,,,,,,,,,,,,,,,,,,,
,3940122866.59001,188.663520812988,0,3.60875130948564e-05,1.29623786619941e-08,1,2,11.9032497406006,4.98071161037982,31.9399982690811,0.0463821770442361,0.00662285214918448,1,4.4065887757111e-08,,,,,,,,,,,,,,,,,,,,,188.65983581543,188.667205810547,0,0,49.8440598570918,5.09518582480131,8.19281578063965,24,1,0,0,1,0.245285034179687,37.1456527709961,1,1,1,188.667205810547,0,3158316544,188.663520812988,,,,,,,,,,,,,,,,,,0,0,,,,,,,,,,,,,,,,,,,,,,,,,,,,,,
,3940123067.89095,192.637886047363,0,3.48312546863649e-05,1.65456777334736e-08,1,2,11.9032497406006,4.98019870834994,31.9399982690811,0.0447605609708002,0.00639505032354821,1,4.53891487835845e-08,,,,,,,,,,,,,,,,,,,,,192.634094238281,192.641677856445,0,0,49.8006794742745,5.09713843854797,8.21531677246094,24,1,0,0,1,0.24017333984375,35.190616607666,1,1,1,192.641677856445,0,3158316896,192.637886047363,,,,,,,,,,,,,,,,,,0,0,,,,,,,,,,,,,,,,,,,,,,,,,,,,,,
,3940123269.67169,196.608657836914,0,3.36436089668261e-05,1.66702706533408e-08,1,2,11.9032497406006,4.98150053382397,31.9500006735325,0.0432494501188148,0.00618459605238625,1,4.79899334042452e-08,,,,,,,,,,,,,,,,,,,,,196.604461669922,196.612854003906,0,0,49.9183145664187,5.09363893405098,8.20949840545654,24,1,0,0,1,0.243148803710938,35.6793746948242,1,1,1,196.612854003906,0,3158316768,196.608657836914,,,,,,,,,,,,,,,,,,0,0,,,,,,,,,,,,,,,,,,,,,,,,,,,,,,
,3940123470.02025,200.578514099121,0,3.25560012653085e-05,1.7321571769173e-08,1,2,11.9032497406006,4.98167789385299,31.9599993526936,0.0418546979310647,0.0059757991990406,1,3.93115161400112e-08,,,,,,,,,,,,,,,,,,,,,200.576278686523,200.580749511719,0,0,50.0316507017072,5.09249493767627,8.22247314453125,24,1,0,0,1,0.244369506835938,36.6568908691406,1,1,1,200.580749511719,0,3158316704,200.578514099121,,,,,,,,,,,,,,,,,,0,0,,,,,,,,,,,,,,,,,,,,,,,,,,,,,,
,3940123670.79581,204.552871704102,0,3.1518189734211e-05,1.45981971780096e-08,1,2,11.9032497406006,4.98086022722035,31.9700017571449,0.0405066379562267,0.00581576948004012,1,6.27924466643091e-08,,,,,,,,,,,,,,,,,,,,,204.549163818359,204.556579589844,0,0,50.1176298388226,5.09669510618229,8.22754096984863,24,1,0,0,1,0.240020751953125,35.190616607666,1,1,1,204.556579589844,0,3158316832,204.552871704102,,,,,,,,,,,,,,,,,,0,0,,,,,,,,,,,,,,,,,,,,,,,,,,,,,,
,3940123870.55332,208.525390625,0,3.05540793599632e-05,1.44431060734441e-08,1,2,11.9032497406006,4.98334188702159,31.9899991154671,0.0392958708675935,0.00563576154984303,1,5.61701468050271e-08,,,,,,,,,,,,,,,,,,,,,208.522109985352,208.528671264648,0,0,49.8284272867072,5.08544104872088,8.23362827301025,24,1,0,0,1,0.240707397460938,35.190616607666,1,1,1,208.528671264648,0,3158316672,208.525390625,,,,,,,,,,,,,,,,,,0,0,,,,,,,,,,,,,,,,,,,,,,,,,,,,,,
,3940124071.93622,212.498237609863,0,2.96336552749147e-05,1.38736844571182e-08,1,2,11.9032497406006,4.98403391585842,32.0000015199184,0.038119337779287,0.00546836881930682,1,5.55018700811298e-08,,,,,,,,,,,,,,,,,,,,,212.493621826172,212.502853393555,0,0,50.0269609305918,5.083744892092,8.26500701904297,24,1,0,0,1,0.239486694335938,37.6344108581543,1,1,1,212.502853393555,0,3158316768,212.498237609863,,,,,,,,,,,,,,,,,,0,0,,,,,,,,,,,,,,,,,,,,,,,,,,,,,,
,3940124272.29553,216.469535827637,0,2.88003000035805e-05,1.5569714482144e-08,1,2,11.9032497406006,4.98447814197862,32.0000015199184,0.0370550855314788,0.005293289485311,1,3.68744580241626e-08,,,,,,,,,,,,,,,,,,,,,216.46711730957,216.471954345703,0,0,49.824519144111,5.0827516953654,8.26252841949463,24,1,0,0,1,0.242233276367187,35.6793746948242,1,1,1,216.471954345703,0,3158316384,216.469535827637,,,,,,,,,,,,,,,,,,0,0,,,,,,,,,,,,,,,,,,,,,,,,,,,,,,
,3940124471.99593,220.4404296875,0,2.79709078861846e-05,1.65064388218415e-08,1,2,11.9032497406006,4.98471502320961,32.0100001990795,0.0359873331316427,0.00516264215201707,1,5.24773514998464e-08,,,,,,,,,,,,,,,,,,,,,220.438003540039,220.442855834961,0,0,49.8206110015149,5.08014171164701,8.28030204772949,24,1,0,0,1,0.238571166992187,36.1681327819824,1,1,1,220.442855834961,0,3158316320,220.4404296875,,,,,,,,,,,,,,,,,,0,0,,,,,,,,,,,,,,,,,,,,,,,,,,,,,,
,3940124673.32954,224.413299560547,0,2.71670999204254e-05,1.62453471026041e-08,1,2,11.9032497406006,4.98379723711647,32.0199988782406,0.0349473280229641,0.00499043117001506,1,3.34373585382769e-08,,,,,,,,,,,,,,,,,,,,,224.410125732422,224.416473388672,0,0,49.7799663185149,5.08501921662315,8.31348133087158,24,1,0,0,1,0.240478515625,35.6793746948242,1,1,1,224.416473388672,0,3158316896,224.413299560547,,,,,,,,,,,,,,,,,,0,0,,,,,,,,,,,,,,,,,,,,,,,,,,,,,,
,3940124873.08661,228.384979248047,0,2.64356179200869e-05,1.49698201922024e-08,1,2,11.9032497406006,4.98410828563144,32.030001282692,0.0340055909105124,0.00488294651312148,1,5.31004268263805e-08,,,,,,,,,,,,,,,,,,,,,228.38249206543,228.387466430664,0,0,49.7619888625726,5.08345730587923,8.3345947265625,24,1,0,0,1,0.24566650390625,35.190616607666,1,1,1,228.387466430664,0,3158316832,228.384979248047,,,,,,,,,,,,,,,,,,0,0,,,,,,,,,,,,,,,,,,,,,,,,,,,,,,
,3940125074.42949,232.360153198242,0,2.57126606686595e-05,1.39954154842614e-08,1,2,11.9032497406006,4.98459775228787,32.039999961853,0.0330808136992266,0.00474547056312627,1,4.80802912668372e-08,,,,,,,,,,,,,,,,,,,,,232.35693359375,232.363372802734,0,0,49.8084957594668,5.08169085999764,8.36452960968018,24,1,0,0,1,0.238800048828125,36.1681327819824,1,1,1,232.363372802734,0,3158316736,232.360153198242,,,,,,,,,,,,,,,,,,0,0,,,,,,,,,,,,,,,,,,,,,,,,,,,,,,
,3940125274.25334,236.327262878418,0,2.5061517477813e-05,1.24983977030964e-08,1,2,11.9032497406006,4.98381180468056,32.0600010454655,0.0322356646686497,0.00462632801323588,1,4.8458455285265e-08,,,,,,,,,,,,,,,,,,,,,236.324066162109,236.330459594727,0,0,49.788955046486,5.08424172748612,8.39173984527588,24,1,0,0,1,0.239944458007813,35.6793746948242,1,1,1,236.330459594727,0,3158316928,236.327262878418,,,,,,,,,,,,,,,,,,0,0,,,,,,,,,,,,,,,,,,,,,,,,,,,,,,
,3940125475.63364,240.303955078125,0,2.44086751186794e-05,1.40199162624818e-08,1,2,11.9032497406006,4.98341142456194,32.0699997246265,0.0313934101201475,0.0044981930342428,1,4.16665621770045e-08,,,,,,,,,,,,,,,,,,,,,240.30078125,240.30712890625,0,0,49.8049784311303,5.08514767637106,8.42660903930664,24,1,0,0,1,0.240020751953125,35.6793746948242,1,1,1,240.30712890625,0,3158316864,240.303955078125,,,,,,,,,,,,,,,,,,0,0,,,,,,,,,,,,,,,,,,,,,,,,,,,,,,
,3940125676.90178,244.275566101074,0,2.37745690153856e-05,1.29520346547057e-08,1,2,11.9032497406006,4.98299102323753,32.0799984037876,0.0305737884890581,0.00438396145622571,1,4.3028182998547e-08,,,,,,,,,,,,,,,,,,,,,244.271255493164,244.279876708984,0,0,49.8030243598322,5.08631198585598,8.47607517242432,24,1,0,0,1,0.24139404296875,35.6793746948242,1,1,1,244.279876708984,0,3158316640,244.275566101074,,,,,,,,,,,,,,,,,,0,0,,,,,,,,,,,,,,,,,,,,,,,,,,,,,,
,3940125877.16755,248.247146606445,0,2.32017082039682e-05,1.41552905631036e-08,1,2,11.9032497406006,4.98299480010598,32.090000808239,0.0298363042649493,0.00428415600718397,1,4.65189503669713e-08,,,,,,,,,,,,,,,,,,,,,248.244583129883,248.249710083008,0,0,49.9034636245534,5.08735637956942,8.51320934295654,24,1,0,0,1,0.240478515625,36.6568908691406,1,1,1,248.249710083008,0,3158316704,248.247146606445,,,,,,,,,,,,,,,,,,0,0,,,,,,,,,,,,,,,,,,,,,,,,,,,,,,
,3940126078.53871,252.22184753418,0,2.26297483238155e-05,1.44265117987364e-08,1,2,11.9032497406006,4.98250072333785,32.0999994874001,0.0290953883532464,0.00418755281116545,1,5.28278806700751e-08,,,,,,,,,,,,,,,,,,,,,252.218734741211,252.224960327148,0,0,49.8796239547168,5.08877395590234,8.56948661804199,24,1,0,0,1,0.243988037109375,35.6793746948242,1,1,1,252.225463867187,0,3158316768,252.22184753418,,,,,,,,,,,,,,,,,,0,0,,,,,,,,,,,,,,,,,,,,,,,,,,,,,,
,3940126279.76826,256.193145751953,0,2.20982859507168e-05,1.4596986446905e-08,1,2,11.9032497406006,4.98193452770578,32.1099981665611,0.0284065239251978,0.00409582536240828,1,5.72401096530594e-08,,,,,,,,,,,,,,,,,,,,,256.188568115234,256.197723388672,0,0,49.814357973361,5.08978050923372,8.65306663513184,24,1,0,0,1,0.23956298828125,36.1681327819824,1,1,1,256.197723388672,0,3158316576,256.193145751953,,,,,,,,,,,,,,,,,,0,0,,,,,,,,,,,,,,,,,,,,,,,,,,,,,,
,3940126482.10007,260.164398193359,0,2.15869746140346e-05,1.27409156845645e-08,1,2,11.9032497406006,4.98143549346972,32.1200005710125,0.027746193196861,0.00399456952695225,1,5.13079384252307e-08,,,,,,,,,,,,,,,,,,,,,260.161865234375,260.166931152344,0,0,49.8503128852457,5.09210295136079,8.73675441741943,24,1,0,0,1,0.245590209960938,35.6793746948242,1,1,1,260.166931152344,0,3158316480,260.164398193359,,,,,,,,,,,,,,,,,,0,0,,,,,,,,,,,,,,,,,,,,,,,,,,,,,,
,3940126683.8877,264.139038085938,0,2.10862644943634e-05,1.33031405321787e-08,1,2,11.9032497406006,4.98010026986688,32.1299992501736,0.0270939504913867,0.00388972099039698,1,4.17711847013583e-08,,,,,,,,,,,,,,,,,,,,,264.136871337891,264.141204833984,0,0,49.9144064238226,5.0954941859332,8.84754180908203,24,1,0,0,1,0.244216918945313,35.6793746948242,1,1,1,264.141204833984,0,3158316256,264.139038085938,,,,,,,,,,,,,,,,,,0,0,,,,,,,,,,,,,,,,,,,,,,,,,,,,,,
,3940126884.79237,268.111602783203,0,2.06075253415111e-05,1.34949815509484e-08,1,2,11.9032497406006,4.97991022550461,32.150000333786,0.0264735445307198,0.00382841989047286,1,6.19976894915978e-08,,,,,,,,,,,,,,,,,,,,,268.107574462891,268.115631103516,0,0,49.8811872117553,5.0970396407577,8.86804580688477,24,1,0,0,1,0.242233276367187,35.190616607666,1,1,1,268.115631103516,0,3158316736,268.111602783203,,,,,,,,,,,,,,,,,,0,0,,,,,,,,,,,,,,,,,,,,,,,,,,,,,,
,3940127085.11902,272.080917358398,0,2.01477516249774e-05,1.45331963034266e-08,1,2,11.9032497406006,4.97927593548314,32.1599990129471,0.0258806381979161,0.00372560302518899,1,4.75928686081854e-08,,,,,,,,,,,,,,,,,,,,,272.078308105469,272.083526611328,0,0,49.9843621762937,5.1014262368308,8.92141819000244,24,1,0,0,1,0.249710083007813,35.190616607666,1,1,1,272.083526611328,0,3158316352,272.080917358398,,,,,,,,,,,,,,,,,,0,0,,,,,,,,,,,,,,,,,,,,,,,,,,,,,,
,3940127286.36703,276.053771972656,0,1.97045208706807e-05,1.54274077833383e-08,1,2,11.9032497406006,4.9897861967493,32.1700014173985,0.0253867953689471,0.00365021590672223,1,4.32784150973653e-08,,,,,,,,,,,,,,,,,,,,,276.050445556641,276.057098388672,0,0,49.8979922249187,5.10218390186351,9.03400611877441,24,1,0,0,1,0.243606567382813,35.6793746948242,1,1,1,276.057098388672,0,3158316768,276.053771972656,,,,,,,,,,,,,,,,,,0,0,,,,,,,,,,,,,,,,,,,,,,,,,,,,,,
,3940127488.18607,280.027648925781,0,1.92891611663319e-05,1.54749377876452e-08,1,2,11.9032497406006,4.98971165274514,32.1800000965595,0.0248503683098937,0.0035786264139289,1,4.65792541899337e-08,,,,,,,,,,,,,,,,,,,,,280.025177001953,280.030120849609,0,0,49.9308206227264,5.10207857712215,9.07590103149414,24,1,0,0,1,0.242996215820313,36.1681327819824,1,1,1,280.030120849609,0,3158316800,280.027648925781,,,,,,,,,,,,,,,,,,0,0,,,,,,,,,,,,,,,,,,,,,,,,,,,,,,
,3940127691.46022,284.001892089844,0,1.88559129240982e-05,1.408540629142e-08,1,2,11.9032497406006,4.98893059992365,32.200001180172,0.0242858019288165,0.00350514787743571,1,5.14833000472052e-08,,,,,,,,,,,,,,,,,,,,,283.998138427734,284.005645751953,0,0,49.8030243598322,5.10327944701893,9.12935066223145,24,1,0,0,1,0.245590209960938,35.6793746948242,1,1,1,284.005645751953,0,3158316800,284.001892089844,,,,,,,,,,,,,,,,,,0,0,,,,,,,,,,,,,,,,,,,,,,,,,,,,,,
,3940127894.89446,287.973678588867,0,1.84689331450594e-05,1.28398824250407e-08,1,2,11.9032497406006,4.9882063148112,32.2199985384941,0.0237825828933222,0.00343226999051546,1,5.02374854357316e-08,,,,,,,,,,,,,,,,,,,,,287.969818115234,287.9775390625,0,0,49.9046360673322,5.1056239560134,9.23833656311035,24,1,0,0,1,0.248870849609375,36.1681327819824,1,1,1,287.9775390625,0,3158316608,287.973678588867,,,,,,,,,,,,,,,,,,0,0,,,,,,,,,,,,,,,,,,,,,,,,,,,,,,
,3940128096.60831,291.946243286133,0,1.8045534969034e-05,1.27261993505094e-08,1,2,11.9032497406006,4.98795423605216,32.2199985384941,0.0232353480944667,0.00335601269206774,1,5.11542929886245e-08,,,,,,,,,,,,,,,,,,,,,291.942535400391,291.949951171875,0,0,50.0066385890918,5.10872814883621,9.21888446807861,24,1,0,0,1,0.244522094726562,35.190616607666,1,1,1,291.949951171875,0,3158316896,291.946243286133,,,,,,,,,,,,,,,,,,0,0,,,,,,,,,,,,,,,,,,,,,,,,,,,,,,
,3940128298.40828,295.918258666992,0,1.76733564833424e-05,1.4957664479594e-08,1,2,11.9032497406006,4.9875112575305,32.2499983012676,0.0227512205637205,0.00330109438614045,1,6.15176390314675e-08,,,,,,,,,,,,,,,,,,,,,295.914459228516,295.922058105469,0,0,50.0488465291303,5.10907860599803,9.18459606170654,24,1,0,0,1,0.243759155273438,35.190616607666,1,1,1,295.922058105469,0,3158316704,295.918258666992,,,,,,,,,,,,,,,,,,0,0,,,,,,,,,,,,,,,,,,,,,,,,,,,,,,
,3940128501.75931,299.892242431641,0,1.72934468334342e-05,1.63132015353957e-08,1,2,11.9032497406006,4.98631264021605,32.260000705719,0.0222581674936945,0.00320427776869141,1,4.09580213199608e-08,,,,,,,,,,,,,,,,,,,,,299.888275146484,299.896209716797,0,0,50.0429843152361,5.11561506549251,9.17987537384033,24,1,0,0,1,0.243759155273438,35.6793746948242,1,1,1,299.896209716797,0,3158316768,299.892242431641,,,,,,,,,,,,,,,,,,0,0,,,,,,,,,,,,,,,,,,,,,,,,,,,,,,
