Comment,Time.Stamp..sec.,Temperature..K.,Magnetic.Field..Oe.,Moment..emu.,M..Std..Err...emu.,Transport.Action,Averaging.Time..sec.,Frequency..Hz.,Peak.Amplitude..mm.,Center.Position..mm.,Lockin.Signal...V.,Lockin.Signal..V.,Range,M..Quad..Signal..emu.,AC.Moment..emu.,AC.M..Std.Err...emu.,AC.Phase..deg.,AC.Phase.Std..Err...deg.,AC.Susceptibility..emu.Oe.,AC.Suscept..Std.Err...emu.Oe.,AC.X...emu.Oe.,AC.X..Std.Err...emu.Oe.,AC.X....emu.Oe.,AC.X...Std.Err...emu.Oe.,AC.Drive..Oe.,AC.Frequency..Hz.,AC.Averaging.Time..sec.,AC.Cycles,AC.Range,AC.Measure.Type,AC.Signal...V.,AC.Signal....V.,AC.Trim.Coil.Ratio,AC.Trim.Coil.Phase,Min..Temperature..K.,Max..Temperature..K.,Min..Field..Oe.,Max..Field..Oe.,Mass..grams.,Motor.Lag..deg.,Pressure..Torr.,Measure.Count,Measurement.Number,SQUID.Status..code.,Motor.Status..code.,Measure.Status..code.,Motor.Current..amps.,Motor.Temp...C.,Temp..Status..code.,Field.Status..code.,Chamber.Status..code.,Chamber.Temp..K.,Redirection.State,Evercool.Status,Average.Temp..K.,Rotation.Angle..deg.,Rotator.state,DC.Moment.Fixed.Ctr..emu.,DC.Moment.Err.Fixed.Ctr..emu.,DC.Moment.Free.Ctr..emu.,DC.Moment.Err.Free.Ctr..emu.,DC.Fixed.Fit,DC.Free.Fit,DC.Calculated.Center..mm.,DC.Calculated.Center.Err..mm.,DC.Scan.Length..mm.,DC.Scan.Time..s.,DC.Number.of.Points,DC.Squid.Drift,DC.Min.V..V.,DC.Max.V..V.,DC.Scans.per.Measure,LS.Wavelength..nm.,LS.Status..code.,VSDO.03,VSDO.04,VSDO.05,VSDO.06,VSDO.07,VSDO.08,VSDO.09,VSDO.10,VSDO.11,VSDO.12,VSDO.13,VSDO.14,VSDO.15,VSDO.16,Map.01,Map.02,Map.03,Map.04,Map.05,Map.06,Map.07,Map.08,Map.09,Map.10,Map.11,Map.12,Map.13,Map.14,Map.15,Map.16
,3918454542.0207,299.99951171875,0,0.00784081925576358,1.30115057069835e-06,1,2,11.9032497406006,4.98052679301021,36.2000018358231,10.0789902702214,1.42511458967252,100,-1.14065064087688e-06,,,,,,,,,,,,,,,,,,,,,299.99951171875,299.99951171875,0,0,48.7525156299859,4.96479685609407,9.75046443939209,24,1,0,0,1,0.237655639648438,31.2805480957031,1,1,1,299.99951171875,0,3158316192,299.99951171875,,,,,,,,,,,,,,,,,,0,0,,,,,,,,,,,,,,,,,,,,,,,,,,,,,,
,3918454733.58756,296.02099609375,0,0.00780930545101578,7.37819763300628e-07,1,2,11.9032497406006,4.97962462660958,36.2000018358231,10.0357967767776,1.41996999799097,100,-4.01612797043748e-07,,,,,,,,,,,,,,,,,,,,,296.015289306641,296.026702880859,0,0,48.7665849433321,4.96898673328434,9.75015163421631,24,1,0,0,1,0.245361328125,34.7018585205078,1,1,1,296.015289306641,0,3158316480,296.02099609375,,,,,,,,,,,,,,,,,,0,0,,,,,,,,,,,,,,,,,,,,,,,,,,,,,,
,3918454928.86962,292.184692382812,0,0.00777241639303966,9.32297343796873e-07,1,2,11.9032497406006,4.97860159234664,36.1899994313717,9.9855213455229,1.41278661028086,100,-4.53049244148368e-07,,,,,,,,,,,,,,,,,,,,,292.179656982422,292.189727783203,0,0,48.6942843053032,4.97301482613023,9.74991703033447,24,1,0,0,1,0.247955322265625,34.7018585205078,1,1,1,292.179656982422,0,3158316608,292.184692382812,,,,,,,,,,,,,,,,,,0,0,,,,,,,,,,,,,,,,,,,,,,,,,,,,,,
,3918455125.19121,288.211288452148,0,0.00772634493445755,8.14356079585854e-07,1,2,11.9032497406006,4.97803601216726,36.1699983477592,9.92470836275743,1.40447821356939,100,-2.24728760089316e-07,,,,,,,,,,,,,,,,,,,,,288.208648681641,288.213928222656,0,0,48.7618951722167,4.97607546491083,9.73271751403809,24,1,0,0,1,0.236282348632813,34.7018585205078,1,1,1,288.208648681641,0,3158316864,288.211288452148,,,,,,,,,,,,,,,,,,0,0,,,,,,,,,,,,,,,,,,,,,,,,,,,,,,
,3918455320.56041,284.114227294922,0,0.00767125244462753,1.12237804952136e-06,1,2,11.9032497406006,4.97785028203675,36.1500009894371,9.85357428848656,1.39333318568658,100,-1.04637766853336e-06,,,,,,,,,,,,,,,,,,,,,284.108001708984,284.120452880859,0,0,48.708744432909,4.97600989413237,9.70478343963623,24,1,0,0,1,0.244216918945313,34.7018585205078,1,1,1,284.108001708984,0,3158316864,284.114227294922,,,,,,,,,,,,,,,,,,0,0,,,,,,,,,,,,,,,,,,,,,,,,,,,,,,
,3918455516.26274,280.281158447266,0,0.00760732793284051,8.43011833984156e-07,1,2,11.9032497406006,4.97886551083575,36.1200012266636,9.77441274951573,1.38104468230871,100,-1.87300802718947e-06,,,,,,,,,,,,,,,,,,,,,280.278259277344,280.284057617187,0,0,48.7658033148129,4.97354612736009,9.69069671630859,24,1,0,0,1,0.241012573242187,34.2131004333496,1,1,1,280.278259277344,0,3158316896,280.281158447266,,,,,,,,,,,,,,,,,,0,0,,,,,,,,,,,,,,,,,,,,,,,,,,,,,,
,3918455718.18243,276.142333984375,0,0.00752013507805357,1.1114664531205e-06,1,2,11.9032497406006,4.97914722298937,36.1000001430511,9.66146002016699,1.37725266376771,10,7.43204914807398e-06,,,,,,,,,,,,,,,,,,,,,276.142333984375,276.142333984375,0,0,48.8603803656398,4.97193630763019,9.66645336151123,24,1,0,0,1,0.246124267578125,34.7018585205078,1,1,1,276.142333984375,0,3158316992,276.142333984375,,,,,,,,,,,,,,,,,,0,0,,,,,,,,,,,,,,,,,,,,,,,,,,,,,,
,3918455912.88144,272.322479248047,0,0.00742210877438434,9.68339138013691e-07,1,2,11.9032497406006,4.97875631520549,36.1000001430511,9.53497894323089,1.35556087799862,10,4.54144429904799e-06,,,,,,,,,,,,,,,,,,,,,272.318145751953,272.326812744141,0,0,48.7529064442455,4.97398046779059,9.63612270355225,24,1,0,0,1,0.246200561523438,34.7018585205078,1,1,1,272.318145751953,0,3158316384,272.322479248047,,,,,,,,,,,,,,,,,,0,0,,,,,,,,,,,,,,,,,,,,,,,,,,,,,,
,3918456109.19256,268.351058959961,0,0.00729574408420445,8.11037468290875e-07,1,2,11.9032497406006,4.97845441079489,36.0799990594387,9.37166204678266,1.33365613712761,10,5.46643841604679e-06,,,,,,,,,,,,,,,,,,,,,268.34814453125,268.353973388672,0,0,48.7876889133513,4.97557805906247,9.61516189575195,24,1,0,0,1,0.242767333984375,35.190616607666,1,1,1,268.34814453125,0,3158316704,268.351058959961,,,,,,,,,,,,,,,,,,0,0,,,,,,,,,,,,,,,,,,,,,,,,,,,,,,
,3918456305.9746,264.25032043457,0,0.00711537200016148,1.1921665050125e-06,1,2,11.9032497406006,4.97840394338698,36.0600017011166,9.13974274008514,1.30133321274397,10,5.85084525406367e-06,,,,,,,,,,,,,,,,,,,,,264.242736816406,264.257904052734,0,0,48.6364437948801,4.97257548346216,9.60279178619385,24,1,0,0,1,0.248031616210938,34.7018585205078,1,1,1,264.242736816406,0,3158316992,264.25032043457,,,,,,,,,,,,,,,,,,0,0,,,,,,,,,,,,,,,,,,,,,,,,,,,,,,
,3918456500.27214,260.408905029297,0,0.00683695503358151,7.78293216761481e-07,1,2,11.9032497406006,4.97917192476746,36.0400006175041,8.78408195707286,1.2502114052714,10,5.25406634207354e-06,,,,,,,,,,,,,,,,,,,,,260.405364990234,260.412445068359,0,0,48.7521248157263,4.97058180794282,9.58375263214111,24,1,0,0,1,0.247573852539062,35.190616607666,1,1,1,260.405364990234,0,3158316864,260.408905029297,,,,,,,,,,,,,,,,,,0,0,,,,,,,,,,,,,,,,,,,,,,,,,,,,,,
,3918456695.50396,256.308685302734,0,0.00575733183268721,1.07332933240555e-06,1,2,11.9032497406006,5.0003537936308,36.0199995338917,7.44133417143731,1.05730009458499,10,3.05772320307729e-06,,,,,,,,,,,,,,,,,,,,,256.302917480469,256.314453125,0,0,48.8439661667359,4.96903932134162,9.54980278015137,24,1,0,0,1,0.2410888671875,33.2355842590332,1,1,1,256.302917480469,0,3158316960,256.308685302734,,,,,,,,,,,,,,,,,,0,0,,,,,,,,,,,,,,,,,,,,,,,,,,,,,,
,3918456889.26916,252.46363067627,0,0.00460506711389833,5.92055203427788e-07,1,2,11.9032497406006,4.99821083512036,35.9999984502792,5.94847311033824,0.845169778624099,10,2.43245399281252e-06,,,,,,,,,,,,,,,,,,,,,252.459716796875,252.467544555664,0,0,48.8263795250532,4.97722258439538,9.52766990661621,24,1,0,0,1,0.234909057617187,35.190616607666,1,1,1,252.459716796875,0,3158316768,252.46363067627,,,,,,,,,,,,,,,,,,0,0,,,,,,,,,,,,,,,,,,,,,,,,,,,,,,
,3918457085.16143,248.488380432129,0,0.00365958331606956,5.50068589616602e-07,1,2,11.9032497406006,4.99788018539194,35.9899997711182,4.72673075550202,0.671594050084295,10,1.94186134803631e-06,,,,,,,,,,,,,,,,,,,,,248.485778808594,248.490982055664,0,0,48.779872628159,4.97862063815449,9.51654624938965,24,1,0,0,1,0.234603881835938,35.190616607666,1,1,1,248.485778808594,0,3158316736,248.488380432129,,,,,,,,,,,,,,,,,,0,0,,,,,,,,,,,,,,,,,,,,,,,,,,,,,,
,3918457280.43781,244.393013000488,0,0.00292535285548786,3.5214063995406e-07,1,2,11.9032497406006,4.99815955183309,35.9600000083447,3.77868254200633,0.53695480082087,10,1.60043419596437e-06,,,,,,,,,,,,,,,,,,,,,244.388549804687,244.397476196289,0,0,48.7994133411398,4.97683551945111,9.47965717315674,24,1,0,0,1,0.2410888671875,34.7018585205078,1,1,1,244.388549804687,0,3158317024,244.393013000488,,,,,,,,,,,,,,,,,,0,0,,,,,,,,,,,,,,,,,,,,,,,,,,,,,,
,3918457473.70912,240.547271728516,0,0.00246268278038491,3.21441417320263e-07,1,2,11.9032497406006,4.99865704200006,35.9399989247322,3.18161025216037,0.451269031900291,10,7.09084340799313e-07,,,,,,,,,,,,,,,,,,,,,240.543350219727,240.551193237305,0,0,48.7853440277936,4.97452778965886,9.46068096160889,24,1,0,0,1,0.240554809570313,34.7018585205078,1,1,1,240.543350219727,0,3158316736,240.547271728516,,,,,,,,,,,,,,,,,,0,0,,,,,,,,,,,,,,,,,,,,,,,,,,,,,,
,3918457669.5167,236.451774597168,0,0.00214317473788528,2.50411260412878e-07,1,2,11.9032497406006,4.99870497661355,35.9200015664101,2.76880791722074,0.393135643810226,10,9.33585736235594e-07,,,,,,,,,,,,,,,,,,,,,236.445831298828,236.457717895508,0,0,48.8130918402263,4.9756715086016,9.43228912353516,24,1,0,0,1,0.239715576171875,34.7018585205078,1,1,1,236.445831298828,0,3158317024,236.451774597168,,,,,,,,,,,,,,,,,,0,0,,,,,,,,,,,,,,,,,,,,,,,,,,,,,,
,3918457863.22271,232.488464355469,0,0.0019325706154737,2.02710646523958e-07,1,2,11.9032497406006,4.99765021503701,35.9099991619587,2.49600694231176,0.354265153759736,10,7.38466999114489e-07,,,,,,,,,,,,,,,,,,,,,232.484481811523,232.492446899414,0,0,48.8107469546686,4.98186600147396,9.40514183044434,24,1,0,0,1,0.242462158203125,35.190616607666,1,1,1,232.484481811523,0,3158316960,232.488464355469,,,,,,,,,,,,,,,,,,0,0,,,,,,,,,,,,,,,,,,,,,,,,,,,,,,
,3918458054.53395,228.631759643555,0,0.00178229492971453,3.26088206418686e-07,1,2,11.9032497406006,4.99796014450668,35.8900018036366,2.30213965544515,0.326595241535967,10,5.64329056386609e-07,,,,,,,,,,,,,,,,,,,,,228.627883911133,228.635635375977,0,0,48.8834384069571,4.97912790548878,9.37503051757812,24,1,0,0,1,0.240097045898438,35.190616607666,1,1,1,228.627883911133,0,3158316832,228.631759643555,,,,,,,,,,,,,,,,,,0,0,,,,,,,,,,,,,,,,,,,,,,,,,,,,,,
,3918458248.33601,224.542770385742,0,0.00165706363200369,2.10780357641697e-07,1,2,11.9032497406006,4.99838323797721,35.8599983155727,2.14062547649625,0.30375228161551,10,5.78100980775604e-07,,,,,,,,,,,,,,,,,,,,,224.539047241211,224.546493530273,0,0,48.7321932884859,4.9767936366081,9.35790920257568,24,1,0,0,1,0.2410888671875,34.7018585205078,1,1,1,224.539047241211,0,3158316928,224.542770385742,,,,,,,,,,,,,,,,,,0,0,,,,,,,,,,,,,,,,,,,,,,,,,,,,,,
,3918458440.05929,220.574378967285,0,0.00155807704898825,1.90105575708479e-07,1,2,11.9032497406006,4.99909601703537,35.8400009572506,2.01318245060054,0.28546307885847,10,3.87899557606092e-07,,,,,,,,,,,,,,,,,,,,,220.571380615234,220.577377319336,0,0,48.708744432909,4.97522920406532,9.31650066375732,24,1,0,0,1,0.234909057617187,34.7018585205078,1,1,1,220.571380615234,0,3158316992,220.574378967285,,,,,,,,,,,,,,,,,,0,0,,,,,,,,,,,,,,,,,,,,,,,,,,,,,,
,3918458632.82124,216.600120544434,0,0.00147486677017018,1.93085259474981e-07,1,2,11.9032497406006,4.99832977919071,35.8299985527992,1.90525117516617,0.270212676692658,10,4.08100966966453e-07,,,,,,,,,,,,,,,,,,,,,216.59391784668,216.606323242187,0,0,48.7861256563129,4.9776322784203,9.28507900238037,24,1,0,0,1,0.241622924804687,35.190616607666,1,1,1,216.59391784668,0,3158316992,216.600120544434,,,,,,,,,,,,,,,,,,0,0,,,,,,,,,,,,,,,,,,,,,,,,,,,,,,
,3918458824.64401,212.636413574219,0,0.00140416438049444,2.32011674313998e-07,1,2,11.9032497406006,4.99780924225917,35.7999987900257,1.81364454563954,0.257280588192012,10,4.34106686378742e-07,,,,,,,,,,,,,,,,,,,,,212.631088256836,212.641738891602,0,0,48.8209081254186,4.97791401308778,9.25919342041016,24,1,0,0,1,0.247421264648438,34.7018585205078,1,1,1,212.631088256836,0,3158316992,212.636413574219,,,,,,,,,,,,,,,,,,0,0,,,,,,,,,,,,,,,,,,,,,,,,,,,,,,
,3918459017.96163,208.660217285156,0,0.00134294542145122,2.06288312650102e-07,1,2,11.9032497406006,4.9981721216705,35.7800014317036,1.73477067473812,0.245936040486652,10,2.97075565122843e-07,,,,,,,,,,,,,,,,,,,,,208.653335571289,208.667098999023,0,0,48.7673665718513,4.97767103128844,9.2353572845459,24,1,0,0,1,0.233688354492187,35.190616607666,1,1,1,208.653335571289,0,3158316928,208.660217285156,,,,,,,,,,,,,,,,,,0,0,,,,,,,,,,,,,,,,,,,,,,,,,,,,,,
,3918459210.20827,204.69108581543,0,0.00128835189179169,1.66088820228614e-07,1,2,11.9032497406006,4.99852510236712,35.7800014317036,1.66442183010033,0.235898644216088,10,2.36330594769661e-07,,,,,,,,,,,,,,,,,,,,,204.687545776367,204.694625854492,0,0,48.7701022716686,4.97694418604817,9.1986608505249,24,1,0,0,1,0.234298706054687,36.1681327819824,1,1,1,204.687545776367,0,3158316992,204.69108581543,,,,,,,,,,,,,,,,,,0,0,,,,,,,,,,,,,,,,,,,,,,,,,,,,,,
,3918459400.8986,200.719451904297,0,0.00124132679953671,2.23032938595621e-07,1,2,11.9032497406006,4.99809064390356,35.7600003480911,1.6034596470386,0.227371051736989,10,3.13143942480753e-07,,,,,,,,,,,,,,,,,,,,,200.712142944336,200.726760864258,0,0,48.7208596749571,4.97677467882292,9.16148662567139,24,1,0,0,1,0.24078369140625,34.7018585205078,1,1,1,200.712142944336,0,3158316992,200.719451904297,,,,,,,,,,,,,,,,,,0,0,,,,,,,,,,,,,,,,,,,,,,,,,,,,,,
,3918459592.75225,196.746879577637,0,0.00120001512178151,1.39462780864378e-07,1,2,11.9032497406006,4.99790630617935,35.7500016689301,1.55003800239761,0.219638525172894,10,1.83325566741207e-07,,,,,,,,,,,,,,,,,,,,,196.740982055664,196.752777099609,0,0,48.8482651235917,4.97960144385698,9.12159442901611,24,1,0,0,1,0.2471923828125,34.7018585205078,1,1,1,196.740982055664,0,3158317024,196.746879577637,,,,,,,,,,,,,,,,,,0,0,,,,,,,,,,,,,,,,,,,,,,,,,,,,,,
,3918459784.57382,192.77571105957,0,0.00116319084701309,1.70896417862994e-07,1,2,11.9032497406006,4.99820012153584,35.7199981808662,1.50258933168272,0.212964789831436,10,2.15404590043729e-07,,,,,,,,,,,,,,,,,,,,,192.771179199219,192.780242919922,0,0,48.8654609510148,4.97606424785958,9.09183311462402,24,1,0,0,1,0.246353149414062,34.7018585205078,1,1,1,192.771179199219,0,3158316960,192.77571105957,,,,,,,,,,,,,,,,,,0,0,,,,,,,,,,,,,,,,,,,,,,,,,,,,,,
,3918459975.75455,188.793746948242,0,0.00113032683610557,1.58137660595238e-07,1,2,11.9032497406006,4.99762140006954,35.7000008225441,1.45993094993126,0.206694542080437,10,3.91535230239156e-08,,,,,,,,,,,,,,,,,,,,,188.787033081055,188.80046081543,0,0,48.8338049959859,4.97901970655345,9.0461540222168,24,1,0,0,1,0.241241455078125,33.2355842590332,1,1,1,188.787033081055,0,3158316896,188.793746948242,,,,,,,,,,,,,,,,,,0,0,,,,,,,,,,,,,,,,,,,,,,,,,,,,,,
,3918460167.06909,184.836387634277,0,0.00110118880303289,1.33980903694148e-07,1,2,11.9032497406006,4.99820513125181,35.6799997389317,1.42254958243175,0.201250182905092,10,-7.71840981640081e-08,,,,,,,,,,,,,,,,,,,,,184.828338623047,184.844436645508,0,0,48.8322417389475,4.97861369782584,9.01099681854248,24,1,0,0,1,0.24261474609375,35.6793746948242,1,1,1,184.828338623047,0,3158316736,184.836387634277,,,,,,,,,,,,,,,,,,0,0,,,,,,,,,,,,,,,,,,,,,,,,,,,,,,
,3918460358.79316,180.864593505859,0,0.00107487782158986,1.18167634665279e-07,1,2,11.9032497406006,4.9979900286796,35.6599986553192,1.38843092523279,0.19675330747567,10,1.75069618374239e-07,,,,,,,,,,,,,,,,,,,,,180.856414794922,180.872772216797,0,0,48.6978016336398,4.97858844892964,8.97641372680664,24,1,0,0,1,0.236129760742187,35.6793746948242,1,1,1,180.856414794922,0,3158316960,180.864593505859,,,,,,,,,,,,,,,,,,0,0,,,,,,,,,,,,,,,,,,,,,,,,,,,,,,
,3918460549.10995,176.898284912109,0,0.00105041216737614,1.5825221020563e-07,1,2,11.9032497406006,4.99791647326078,35.6599986553192,1.35683038791118,0.192059602104411,10,7.4405221527766e-09,,,,,,,,,,,,,,,,,,,,,176.894012451172,176.902557373047,0,0,48.8091836976302,4.97791599832199,8.93501567840576,24,1,0,0,1,0.243682861328125,33.7243423461914,1,1,1,176.894012451172,0,3158316960,176.898284912109,,,,,,,,,,,,,,,,,,0,0,,,,,,,,,,,,,,,,,,,,,,,,,,,,,,
,3918460739.83522,172.922462463379,0,0.00102940286671772,1.59479389683503e-07,1,2,11.9032497406006,4.99676585938539,35.6400012969971,1.32925493368107,0.188224758241198,10,5.92720871535678e-08,,,,,,,,,,,,,,,,,,,,,172.914916992187,172.93000793457,0,0,48.7841715850148,4.9809452877189,8.87329578399658,24,1,0,0,1,0.2435302734375,33.7243423461914,1,1,1,172.914916992187,0,3158316928,172.922462463379,,,,,,,,,,,,,,,,,,0,0,,,,,,,,,,,,,,,,,,,,,,,,,,,,,,
,3918460930.0686,168.961006164551,0,0.0010104089904509,1.48932375708924e-07,1,2,11.9032497406006,4.99744215843646,35.6299988925457,1.30498210000291,0.184738670547443,10,2.09747556166627e-08,,,,,,,,,,,,,,,,,,,,,168.956832885742,168.965179443359,0,0,48.7896429846494,4.98069001081945,8.82635498046875,24,1,0,0,1,0.241775512695313,34.7018585205078,1,1,1,168.956832885742,0,3158970368,168.961006164551,,,,,,,,,,,,,,,,,,0,0,,,,,,,,,,,,,,,,,,,,,,,,,,,,,,
,3918461127.84832,164.949829101562,0,0.000993093723681201,1.20107583225661e-07,1,2,11.9032497406006,4.99695637306712,35.5999991297722,1.28216367905943,0.183531761672135,1,1.55667375290761e-06,,,,,,,,,,,,,,,,,,,,,164.949829101562,164.949829101562,0,0,48.7556421440628,4.98182853532909,8.77992343902588,24,1,0,0,1,0.243072509765625,34.7018585205078,1,1,1,164.949829101562,0,3158316992,164.949829101562,,,,,,,,,,,,,,,,,,0,0,,,,,,,,,,,,,,,,,,,,,,,,,,,,,,
,3918461315.17436,161.017555236816,0,0.000978218529787377,1.65472581169011e-07,1,2,11.9032497406006,4.99713888162787,35.58000177145,1.26308506262806,0.180354229667125,1,1.19442471908888e-06,,,,,,,,,,,,,,,,,,,,,161.013305664062,161.02180480957,0,0,48.8119193974475,4.98071419394086,8.73235130310059,24,1,0,0,1,0.240020751953125,34.7018585205078,1,1,1,161.013305664062,0,3158316896,161.017555236816,,,,,,,,,,,,,,,,,,0,0,,,,,,,,,,,,,,,,,,,,,,,,,,,,,,
,3918461504.39878,157.040313720703,0,0.00096353109824738,1.12106016769351e-07,1,2,11.9032497406006,4.99687172408979,35.58000177145,1.24404081971716,0.177539004422983,1,1.10368047211998e-06,,,,,,,,,,,,,,,,,,,,,157.035369873047,157.045257568359,0,0,48.9143127334667,4.98234157383126,8.68313503265381,24,1,0,0,1,0.238113403320313,34.7018585205078,1,1,1,157.035369873047,0,3158316992,157.040313720703,,,,,,,,,,,,,,,,,,0,0,,,,,,,,,,,,,,,,,,,,,,,,,,,,,,
,3918461693.69594,153.071762084961,0,0.000951587760864261,1.01374130332006e-07,1,2,11.9032497406006,4.99733590914484,35.5600006878376,1.22876720012362,0.175451835267618,1,1.16024390552051e-06,,,,,,,,,,,,,,,,,,,,,153.065322875977,153.078201293945,0,0,48.9467503170148,4.98088020550105,8.61710739135742,24,1,0,0,1,0.242385864257813,36.1681327819824,1,1,1,153.065322875977,0,3158316768,153.071762084961,,,,,,,,,,,,,,,,,,0,0,,,,,,,,,,,,,,,,,,,,,,,,,,,,,,
,3918461883.4171,149.100791931152,0,0.00094079265131698,1.29679616913166e-07,1,2,11.9032497406006,4.99706021814706,35.5399996042252,1.21474759216536,0.173351879727931,1,1.0725928215989e-06,,,,,,,,,,,,,,,,,,,,,149.095855712891,149.105728149414,0,0,48.8412304669186,4.9817628187783,8.58310127258301,24,1,0,0,1,0.24169921875,34.7018585205078,1,1,1,149.095855712891,0,3158317024,149.100791931152,,,,,,,,,,,,,,,,,,0,0,,,,,,,,,,,,,,,,,,,,,,,,,,,,,,
,3918462073.23343,145.128913879395,0,0.000929944311531146,1.05245324501893e-07,1,2,11.9032497406006,4.9967572935523,35.5399996042252,1.2006335983288,0.171372936181215,1,1.08695151816557e-06,,,,,,,,,,,,,,,,,,,,,145.125030517578,145.132797241211,0,0,48.8439661667359,4.98252594028327,8.5189847946167,24,1,0,0,1,0.23834228515625,35.6793746948242,1,1,1,145.125030517578,0,3158316992,145.128913879395,,,,,,,,,,,,,,,,,,0,0,,,,,,,,,,,,,,,,,,,,,,,,,,,,,,
,3918462262.49027,141.157432556152,0,0.000921501675351687,1.2828288216077e-07,1,2,11.9032497406006,4.99657340270178,35.5199985206127,1.18970177787688,0.169599714345892,1,9.15494291910413e-07,,,,,,,,,,,,,,,,,,,,,141.15202331543,141.162841796875,0,0,48.9381524033033,4.98496870026573,8.47598457336426,24,1,0,0,1,0.23681640625,35.190616607666,1,1,1,141.15202331543,0,3158316992,141.157432556152,,,,,,,,,,,,,,,,,,0,0,,,,,,,,,,,,,,,,,,,,,,,,,,,,,,
,3918462450.2239,137.188125610352,0,0.000913786539850615,1.14148727810291e-07,1,2,11.9032497406006,4.99627588342645,35.5000011622906,1.17962338188146,0.16830397860832,1,1.01488074311107e-06,,,,,,,,,,,,,,,,,,,,,137.183746337891,137.192504882812,0,0,48.8744496789859,4.98499493575545,8.43419742584228,24,1,0,0,1,0.237579345703125,34.2131004333496,1,1,1,137.183746337891,0,3158316736,137.188125610352,,,,,,,,,,,,,,,,,,0,0,,,,,,,,,,,,,,,,,,,,,,,,,,,,,,
,3918462639.56112,133.211631774902,0,0.000906046779888369,1.47811932367433e-07,1,2,11.9032497406006,4.99607034227108,35.5000011622906,1.16958530567314,0.166723253797051,1,8.93514365635483e-07,,,,,,,,,,,,,,,,,,,,,133.20622253418,133.217041015625,0,0,48.8298968533898,4.98710770187018,8.39286708831787,24,1,0,0,1,0.237960815429687,34.7018585205078,1,1,1,133.20622253418,0,3158316992,133.211631774902,,,,,,,,,,,,,,,,,,0,0,,,,,,,,,,,,,,,,,,,,,,,,,,,,,,
,3918462828.83777,129.241943359375,0,0.000900047008904808,1.40988973905675e-07,1,2,11.9032497406006,4.99619406838131,35.4800000786781,1.16185357963537,0.165816147880186,1,1.03567899020999e-06,,,,,,,,,,,,,,,,,,,,,129.23567199707,129.24821472168,0,0,48.8416212811782,4.98569155092091,8.37392711639404,24,1,0,0,1,0.23834228515625,34.7018585205078,1,1,1,129.23567199707,0,3158316960,129.241943359375,,,,,,,,,,,,,,,,,,0,0,,,,,,,,,,,,,,,,,,,,,,,,,,,,,,
,3918463018.54901,125.26868057251,0,0.000894740903107722,1.49569727462105e-07,1,2,11.9032497406006,4.99521018709443,35.4599989950657,1.15471354411379,0.164598141528453,1,8.78448460588964e-07,,,,,,,,,,,,,,,,,,,,,125.263114929199,125.27424621582,0,0,48.8947720204859,4.98993515530528,8.32128524780273,24,1,0,0,1,0.240478515625,34.7018585205078,1,1,1,125.263114929199,0,3158316960,125.26868057251,,,,,,,,,,,,,,,,,,0,0,,,,,,,,,,,,,,,,,,,,,,,,,,,,,,
,3918463207.8375,121.296146392822,0,0.000889021982052913,1.31230426118437e-07,1,2,11.9032497406006,4.99518896906614,35.4599989950657,1.14732316827881,0.163566085864837,1,8.89087278214313e-07,,,,,,,,,,,,,,,,,,,,,121.290168762207,121.302124023437,0,0,48.9100137766109,4.99048037805911,8.29779624938965,24,1,0,0,1,0.24261474609375,34.7018585205078,1,1,1,121.290168762207,0,3158316832,121.296146392822,,,,,,,,,,,,,,,,,,0,0,,,,,,,,,,,,,,,,,,,,,,,,,,,,,,
,3918463397.59067,117.322593688965,0,0.000885140660828655,1.24342603349178e-07,1,2,11.9032497406006,4.9951860968837,35.4500003159046,1.14230880159485,0.162883129449354,1,9.09437535492855e-07,,,,,,,,,,,,,,,,,,,,,117.317657470703,117.327529907227,0,0,48.8728864219475,4.98890824704111,8.25876331329346,24,1,0,0,1,0.241241455078125,34.7018585205078,1,1,1,117.317657470703,0,3158316768,117.322593688965,,,,,,,,,,,,,,,,,,0,0,,,,,,,,,,,,,,,,,,,,,,,,,,,,,,
,3918463586.80752,113.348217010498,0,0.000880635522568783,1.7604082124806e-07,1,2,11.9032497406006,4.99541939356298,35.4400016367435,1.13657147975954,0.16204705800628,1,8.91154996758126e-07,,,,,,,,,,,,,,,,,,,,,113.342353820801,113.354080200195,0,0,48.9037607484571,4.98830477803959,8.23094844818115,24,1,0,0,1,0.23895263671875,34.7018585205078,1,1,1,113.342353820801,0,3158317024,113.348217010498,,,,,,,,,,,,,,,,,,0,0,,,,,,,,,,,,,,,,,,,,,,,,,,,,,,
,3918463774.56051,109.377449035645,0,0.000877661105435026,1.17830964041296e-07,1,2,11.9032497406006,4.99538368862053,35.4200005531311,1.13272293619634,0.161486518439902,1,8.79159814191974e-07,,,,,,,,,,,,,,,,,,,,,109.372169494629,109.38272857666,0,0,48.8369315100629,4.98939940632148,8.19923400878906,24,1,0,0,1,0.2392578125,34.7018585205078,1,1,1,109.372169494629,0,3158317024,109.377449035645,,,,,,,,,,,,,,,,,,0,0,,,,,,,,,,,,,,,,,,,,,,,,,,,,,,
,3918463962.3823,105.402763366699,0,0.000873850950131509,1.0752421039761e-07,1,2,11.9032497406006,4.99500810085866,35.4200005531311,1.12766200618077,0.160944342047,1,1.01154241655205e-06,,,,,,,,,,,,,,,,,,,,,105.398719787598,105.406806945801,0,0,48.9205657616206,4.991745900912,8.18028545379639,24,1,0,0,1,0.235595703125,34.2131004333496,1,1,1,105.398719787598,0,3158317024,105.402763366699,,,,,,,,,,,,,,,,,,0,0,,,,,,,,,,,,,,,,,,,,,,,,,,,,,,
,3918464150.13484,101.427577972412,0,0.000871753377334171,1.31139296894424e-07,1,2,11.9032497406006,4.99561159027289,35.3999994695187,1.12516039739623,0.16047846560674,1,9.26471621403207e-07,,,,,,,,,,,,,,,,,,,,,101.42505645752,101.430099487305,0,0,48.8846108497359,4.9880241971218,8.16692924499512,24,1,0,0,1,0.239334106445313,35.190616607666,1,1,1,101.42505645752,0,3158316768,101.427577972412,,,,,,,,,,,,,,,,,,0,0,,,,,,,,,,,,,,,,,,,,,,,,,,,,,,
,3918464338.83492,97.4452056884766,0,0.000868957087687986,1.08831243459078e-07,1,2,11.9032497406006,4.99559775814571,35.3999994695187,1.12151584662485,0.160182623014044,1,1.09356842262315e-06,,,,,,,,,,,,,,,,,,,,,97.4403457641602,97.450065612793,0,0,48.9217382043994,4.98878533685848,8.13742923736572,24,1,0,0,1,0.239028930664062,34.7018585205078,1,1,1,97.4403457641602,0,3158316704,97.4452056884766,,,,,,,,,,,,,,,,,,0,0,,,,,,,,,,,,,,,,,,,,,,,,,,,,,,
,3918464528.63912,93.4730911254883,0,0.00086720197867932,1.54623742190833e-07,1,2,11.9032497406006,4.99520719198811,35.3799983859062,1.11912872295555,0.159838158654826,1,1.088687389048e-06,,,,,,,,,,,,,,,,,,,,,93.4683685302734,93.4778137207031,0,0,48.805275555034,4.98941589957894,8.10965251922607,24,1,0,0,1,0.240402221679687,34.7018585205078,1,1,1,93.4683685302734,0,3158970368,93.4730911254883,,,,,,,,,,,,,,,,,,0,0,,,,,,,,,,,,,,,,,,,,,,,,,,,,,,
,3918464720.43549,89.4922142028809,0,0.000863906832383071,1.44385650208665e-07,1,2,11.9032497406006,4.99525905538085,35.3900007903576,1.1149069909464,0.159130817277941,1,1.00528723185858e-06,,,,,,,,,,,,,,,,,,,,,89.4884643554687,89.495964050293,0,0,48.8005857839186,4.98918656538098,8.06896877288818,24,1,0,0,1,0.238876342773438,33.2355842590332,1,1,1,89.4884643554687,0,3158317024,89.4922142028809,,,,,,,,,,,,,,,,,,0,0,,,,,,,,,,,,,,,,,,,,,,,,,,,,,,
,3918464912.22431,85.5143966674805,0,0.000863078883814394,9.39499274690147e-08,1,2,11.9032497406006,4.99599416268465,35.3600010275841,1.11405617872898,0.159092746901404,1,1.06761898960972e-06,,,,,,,,,,,,,,,,,,,,,85.5115127563477,85.5172805786133,0,0,48.8259887107936,4.98653173976956,8.04323768615723,24,1,0,0,1,0.236434936523438,35.6793746948242,1,1,1,85.5115127563477,0,3158317024,85.5143966674805,,,,,,,,,,,,,,,,,,0,0,,,,,,,,,,,,,,,,,,,,,,,,,,,,,,
,3918465104.97519,81.5317878723145,0,0.000860975626272545,1.34248097939593e-07,1,2,11.9032497406006,4.99578227399672,35.3600010275841,1.1112894406944,0.158596377173405,1,9.88128123945448e-07,,,,,,,,,,,,,,,,,,,,,81.5268859863281,81.5366897583008,0,0,48.8607711798994,4.98680347054356,8.01702308654785,24,1,0,0,1,0.240859985351562,34.7018585205078,1,1,1,81.5268859863281,0,3158316992,81.5317878723145,,,,,,,,,,,,,,,,,,0,0,,,,,,,,,,,,,,,,,,,,,,,,,,,,,,
,3918465297.25743,77.5554885864258,0,0.00086016887877165,8.98312065457943e-08,1,2,11.9032497406006,4.99542969675482,35.3399999439716,1.1101314937097,0.158482042759929,1,1.02586958742124e-06,,,,,,,,,,,,,,,,,,,,,77.5527648925781,77.5582122802734,0,0,48.8377131385821,4.98695388920435,8.00882434844971,24,1,0,0,1,0.238571166992187,34.7018585205078,1,1,1,77.5527648925781,0,3158316736,77.5554885864258,,,,,,,,,,,,,,,,,,0,0,,,,,,,,,,,,,,,,,,,,,,,,,,,,,,
,3918465489.98609,73.573299407959,0,0.000858080124264812,1.01201733463321e-07,1,2,11.9032497406006,4.99525064375058,35.3399999439716,1.10739276050784,0.158000776896366,1,9.5481609208769e-07,,,,,,,,,,,,,,,,,,,,,73.5693969726563,73.5772018432617,0,0,48.8072296263321,4.98864734606036,7.98392105102539,24,1,0,0,1,0.24017333984375,35.6793746948242,1,1,1,73.5693969726563,0,3158316992,73.573299407959,,,,,,,,,,,,,,,,,,0,0,,,,,,,,,,,,,,,,,,,,,,,,,,,,,,
,3918465682.23583,69.5942230224609,0,0.000856399594055599,8.66972215597245e-08,1,2,11.9032497406006,4.99531857215309,35.3399999439716,1.10523641659734,0.157754827303512,1,9.99810961772137e-07,,,,,,,,,,,,,,,,,,,,,69.5921401977539,69.596305847168,0,0,48.896726091784,4.98845340800656,7.93707275390625,24,1,0,0,1,0.238800048828125,35.190616607666,1,1,1,69.5921401977539,0,3158316800,69.5942230224609,,,,,,,,,,,,,,,,,,0,0,,,,,,,,,,,,,,,,,,,,,,,,,,,,,,
,3918465875.08266,65.6156387329102,0,0.000856080929240074,1.54984857561361e-07,1,2,11.9032497406006,4.99553656459767,35.3300012648106,1.1048931422567,0.157701884286812,1,9.96442506740568e-07,,,,,,,,,,,,,,,,,,,,,65.6123733520508,65.6189041137695,0,0,48.8056663692936,4.98785157151629,7.90435457229614,24,1,0,0,1,0.240859985351562,36.1681327819824,1,1,1,65.6123733520508,0,3158316992,65.6156387329102,,,,,,,,,,,,,,,,,,0,0,,,,,,,,,,,,,,,,,,,,,,,,,,,,,,
,3918466068.79257,61.6392211914062,0,0.000854718094154835,1.14452063532978e-07,1,2,11.9032497406006,4.99561756719165,35.3199988603592,1.10313439600182,0.157629845905825,1,1.13076617950074e-06,,,,,,,,,,,,,,,,,,,,,61.6370620727539,61.6413803100586,0,0,48.825597896534,4.98717416795878,7.88335657119751,24,1,0,0,1,0.238571166992187,34.7018585205078,1,1,1,61.6370620727539,0,3158316800,61.6392211914062,,,,,,,,,,,,,,,,,,0,0,,,,,,,,,,,,,,,,,,,,,,,,,,,,,,
,3918466262.57183,57.663200378418,0,0.000853037709299618,1.25364450186276e-07,1,2,11.9032497406006,4.99547589051295,35.3300012648106,1.10093222989112,0.157241094122706,1,1.07229270644758e-06,,,,,,,,,,,,,,,,,,,,,57.6618766784668,57.6645240783691,0,0,48.7912062416879,4.98698588826017,7.85119104385376,24,1,0,0,1,0.239715576171875,33.7243423461914,1,1,1,57.6618766784668,0,3158316832,57.663200378418,,,,,,,,,,,,,,,,,,0,0,,,,,,,,,,,,,,,,,,,,,,,,,,,,,,
,3918466454.37738,53.6883754730225,0,0.000853014359573649,1.10674898718443e-07,1,2,11.9032497406006,4.99512682569742,35.3100001811981,1.10085843651195,0.156769712720722,1,7.22291913426869e-07,,,,,,,,,,,,,,,,,,,,,53.6874771118164,53.6892738342285,0,0,48.8056663692936,4.98766090863222,7.76153516769409,24,1,0,0,1,0.238800048828125,35.6793746948242,1,1,1,53.6874771118164,0,3158317024,53.6883754730225,,,,,,,,,,,,,,,,,,0,0,,,,,,,,,,,,,,,,,,,,,,,,,,,,,,
,3918466647.6459,49.7154922485352,0,0.000851079992519866,1.31111359568293e-07,1,2,11.9032497406006,4.99510749646633,35.300001502037,1.09834128287059,0.156517991648684,1,8.01718380272395e-07,,,,,,,,,,,,,,,,,,,,,49.7147941589355,49.7161903381348,0,0,48.8111377689282,4.9896495602678,7.6705584526062,24,1,0,0,1,0.240249633789062,35.190616607666,1,1,1,49.7147941589355,0,3158316736,49.7154922485352,,,,,,,,,,,,,,,,,,0,0,,,,,,,,,,,,,,,,,,,,,,,,,,,,,,
,3918466839.01456,45.7426681518555,0,0.000849582156942125,1.28209372894189e-07,1,2,11.9032497406006,4.99502111370168,35.300001502037,1.09637288089388,0.156301520921784,1,8.48939856631991e-07,,,,,,,,,,,,,,,,,,,,,45.7418098449707,45.7435264587402,0,0,48.8212989396782,4.98949414802738,7.5470495223999,24,1,0,0,1,0.2392578125,35.190616607666,1,1,1,45.7418098449707,0,3158316800,45.7426681518555,,,,,,,,,,,,,,,,,,0,0,,,,,,,,,,,,,,,,,,,,,,,,,,,,,,
,3918467029.23787,41.7707748413086,0,0.000848633853637504,1.00993838456876e-07,1,2,11.9032497406006,4.99526532102236,35.300001502037,1.09517064387863,0.156514701332733,1,1.14004403494271e-06,,,,,,,,,,,,,,,,,,,,,41.7703666687012,41.771183013916,0,0,48.927209604034,4.98994685159746,7.4230260848999,24,1,0,0,1,0.2398681640625,34.7018585205078,1,1,1,41.7703666687012,0,3158316896,41.7707748413086,,,,,,,,,,,,,,,,,,0,0,,,,,,,,,,,,,,,,,,,,,,,,,,,,,,
,3918467217.98249,37.7985343933105,0,0.000849082902826046,7.48542042873763e-08,1,2,11.9032497406006,4.99520896118899,35.2800004184246,1.09572064043983,0.156681340571082,1,1.20750200195572e-06,,,,,,,,,,,,,,,,,,,,,37.7985038757324,37.7985649108887,0,0,48.8533457089667,4.99052863862048,7.26673793792725,24,1,0,0,1,0.24139404296875,34.7018585205078,1,1,1,37.7985649108887,0,3158316928,37.7985343933105,,,,,,,,,,,,,,,,,,0,0,,,,,,,,,,,,,,,,,,,,,,,,,,,,,,
,3918467406.27183,33.8279571533203,0,0.000848165565659822,1.08698407750664e-07,1,2,11.9032497406006,4.99509193887414,35.2800004184246,1.09450747406025,0.156461013389101,1,1.17061781674723e-06,,,,,,,,,,,,,,,,,,,,,33.8279113769531,33.8280029296875,0,0,48.9045423769763,4.99081261953832,7.12991046905518,24,1,0,0,1,0.242462158203125,34.7018585205078,1,1,1,33.8280029296875,0,3158316896,33.8279571533203,,,,,,,,,,,,,,,,,,0,0,,,,,,,,,,,,,,,,,,,,,,,,,,,,,,
,3918467593.47422,29.8561277389526,0,0.000847554199162185,1.20405623536273e-07,1,2,11.9032497406006,4.99559746502502,35.2800004184246,1.09388502973705,0.156287938265358,1,1.10591952916563e-06,,,,,,,,,,,,,,,,,,,,,29.8560562133789,29.8561992645264,0,0,48.9596471875821,4.98855814828737,6.95637702941895,24,1,0,0,1,0.241165161132813,34.2131004333496,1,1,1,29.8561992645264,0,3158316960,29.8561277389526,,,,,,,,,,,,,,,,,,0,0,,,,,,,,,,,,,,,,,,,,,,,,,,,,,,
,3918467780.72099,25.8878402709961,0,0.000846967632757737,1.3109221096409e-07,1,2,11.9032497406006,4.99534044833769,35.2800004184246,1.09305854307555,0.156103425404078,1,1.05470996820838e-06,,,,,,,,,,,,,,,,,,,,,25.8873634338379,25.8883171081543,0,0,48.8549089660052,4.98988122268436,6.77616930007935,24,1,0,0,1,0.2392578125,36.1681327819824,1,1,1,25.8883171081543,0,3158316736,25.8878402709961,,,,,,,,,,,,,,,,,,0,0,,,,,,,,,,,,,,,,,,,,,,,,,,,,,,
,3918467967.99008,21.9172668457031,0,0.000846674809073214,1.03820364658035e-07,1,2,11.9032497406006,4.99404448770276,35.2800004184246,1.09224339177165,0.156280553255392,1,1.27733456664538e-06,,,,,,,,,,,,,,,,,,,,,21.9169979095459,21.9175357818604,0,0,48.8912546921494,4.99581971392151,6.57459878921509,24,1,0,0,1,0.238494873046875,34.7018585205078,1,1,1,21.9175357818604,0,3158316896,21.9172668457031,,,,,,,,,,,,,,,,,,0,0,,,,,,,,,,,,,,,,,,,,,,,,,,,,,,
,3918468155.78888,17.9451313018799,0,0.000846619319193168,1.21811604881305e-07,1,2,11.9032497406006,4.9946072250059,35.2800004184246,1.09234183790904,0.156310047419414,1,1.28895345618737e-06,,,,,,,,,,,,,,,,,,,,,17.9450721740723,17.9451904296875,0,0,48.8885189923321,4.99510749818036,6.31323528289795,24,1,0,0,1,0.2349853515625,34.7018585205078,1,1,1,17.9450721740723,0,3158316768,17.9451313018799,,,,,,,,,,,,,,,,,,0,0,,,,,,,,,,,,,,,,,,,,,,,,,,,,,,
,3918468343.4918,13.9725680351257,0,0.00084650780552298,1.31284579244875e-07,1,2,11.9032497406006,4.99470557870465,35.2800004184246,1.0922765953195,0.155950752721237,1,1.02299746561584e-06,,,,,,,,,,,,,,,,,,,,,13.9725427627563,13.9725933074951,0,0,48.891645506409,4.99268697043387,5.95768594741821,24,1,0,0,1,0.231704711914062,34.7018585205078,1,1,1,13.9725427627563,0,3158316704,13.9725680351257,,,,,,,,,,,,,,,,,,0,0,,,,,,,,,,,,,,,,,,,,,,,,,,,,,,
,3918468543.27514,9.99990463256836,0,0.000847064202189924,1.56490086864733e-07,1,2,11.9032497406006,4.99474789599896,35.2800004184246,1.09298193247147,0.156235639688456,1,1.16355661446602e-06,,,,,,,,,,,,,,,,,,,,,9.99984169006348,9.99996757507324,0,0,48.911967847909,4.99176982194834,5.58154153823853,24,1,0,0,1,0.236129760742187,35.190616607666,1,1,1,9.99984169006348,0,3158316800,9.99990463256836,,,,,,,,,,,,,,,,,,0,0,,,,,,,,,,,,,,,,,,,,,,,,,,,,,,
,3918468551.84142,10.0000448226929,0,0.000846916847621607,1.30223727157008e-07,1,2,11.9032497406006,4.99480712409362,35.2800004184246,1.09282979452066,0.156070672447669,1,1.05458247881429e-06,,,,,,,,,,,,,,,,,,,,,10.0000448226929,10.0000448226929,0,0,48.9014158628994,4.9904960161711,5.56596517562866,24,1,0,0,1,0.234756469726562,34.7018585205078,1,1,1,10.0000448226929,0,3158316864,10.0000448226929,,,,,,,,,,,,,,,,,,0,0,,,,,,,,,,,,,,,,,,,,,,,,,,,,,,
,3918468742.64162,13.9727959632874,0,0.000846762936320745,1.3844040542385e-07,1,2,11.9032497406006,4.99470579730852,35.2800004184246,1.09263054696119,0.155823392320758,1,8.88191441046136e-07,,,,,,,,,,,,,,,,,,,,,13.9727039337158,13.9728879928589,0,0,48.8365406958032,4.99302992496317,5.98535823822022,24,1,0,0,1,0.239334106445313,34.7018585205078,1,1,1,13.9727039337158,0,3158316448,13.9727959632874,,,,,,,,,,,,,,,,,,0,0,,,,,,,,,,,,,,,,,,,,,,,,,,,,,,
,3918468929.87632,17.9452428817749,0,0.000846621783545754,8.46110067165257e-08,1,2,11.9032497406006,4.99430257659431,35.2800004184246,1.09229498161738,0.155992174970423,1,1.05260543818323e-06,,,,,,,,,,,,,,,,,,,,,17.945240020752,17.9452457427979,0,0,48.8244254537552,4.99476397419482,6.21507549285889,24,1,0,0,1,0.232467651367187,34.7018585205078,1,1,1,17.945240020752,0,3158316800,17.9452428817749,,,,,,,,,,,,,,,,,,0,0,,,,,,,,,,,,,,,,,,,,,,,,,,,,,,
,3918469120.16506,21.9177532196045,0,0.00084678350317188,1.14875951799532e-07,1,2,11.9032497406006,4.99504875428168,35.2899990975857,1.0927396696441,0.156000142872126,1,1.01062849126332e-06,,,,,,,,,,,,,,,,,,,,,21.9176864624023,21.9178199768066,0,0,48.8869557352936,4.99230739880233,6.41351366043091,24,1,0,0,1,0.23834228515625,35.190616607666,1,1,1,21.9178199768066,0,3158316704,21.9177532196045,,,,,,,,,,,,,,,,,,0,0,,,,,,,,,,,,,,,,,,,,,,,,,,,,,,
,3918469311.43187,25.8905963897705,0,0.000846898354222021,1.19234882314074e-07,1,2,11.9032497406006,4.99531302658332,35.2800004184246,1.09297601194039,0.155981587030222,1,9.71052615781835e-07,,,,,,,,,,,,,,,,,,,,,25.8905067443848,25.8906860351562,0,0,48.9467503170148,4.99068038467478,6.54336214065552,24,1,0,0,1,0.242080688476562,34.7018585205078,1,1,1,25.8906860351562,0,3158316608,25.8905963897705,,,,,,,,,,,,,,,,,,0,0,,,,,,,,,,,,,,,,,,,,,,,,,,,,,,
,3918469502.74374,29.8630046844482,0,0.000847341984286209,8.42141938316325e-08,1,2,11.9032497406006,4.99497140572495,35.2800004184246,1.09338752104616,0.156446975798101,1,1.28040524708033e-06,,,,,,,,,,,,,,,,,,,,,29.8628921508789,29.8631172180176,0,0,48.8631160654571,4.99365251852375,6.66508483886719,24,1,0,0,1,0.239334106445313,35.190616607666,1,1,1,29.8631172180176,0,3158316768,29.8630046844482,,,,,,,,,,,,,,,,,,0,0,,,,,,,,,,,,,,,,,,,,,,,,,,,,,,
,3918469696.46644,33.8353652954102,0,0.000847868752940743,1.1831277083392e-07,1,2,11.9032497406006,4.99581970933525,35.2899990975857,1.09436824368869,0.156291010770353,1,1.05624405339574e-06,,,,,,,,,,,,,,,,,,,,,33.8353500366211,33.8353805541992,0,0,48.830678481909,4.98794899694749,6.75750637054443,24,1,0,0,1,0.238494873046875,35.190616607666,1,1,1,33.8353500366211,0,3158316800,33.8353652954102,,,,,,,,,,,,,,,,,,0,0,,,,,,,,,,,,,,,,,,,,,,,,,,,,,,
,3918469891.76737,37.8075828552246,0,0.000848612475352171,1.13938907632996e-07,1,2,11.9032497406006,4.99446517033271,35.2800004184246,1.0949441018281,0.156147745666365,1,8.85885559786712e-07,,,,,,,,,,,,,,,,,,,,,37.8074531555176,37.8077125549316,0,0,48.9217382043994,4.99399042100659,6.83595514297485,24,1,0,0,1,0.241546630859375,35.190616607666,1,1,1,37.8077125549316,0,3158316672,37.8075828552246,,,,,,,,,,,,,,,,,,0,0,,,,,,,,,,,,,,,,,,,,,,,,,,,,,,
,3918470089.06818,41.7787818908691,0,0.000849295755752919,1.4902299959247e-07,1,2,11.9032497406006,4.99433967293129,35.2800004184246,1.09577547100042,0.156350863600718,1,9.50829842993056e-07,,,,,,,,,,,,,,,,,,,,,41.7784881591797,41.7790756225586,0,0,48.8287244106109,4.99397860544661,6.88889455795288,24,1,0,0,1,0.23773193359375,35.6793746948242,1,1,1,41.7790756225586,0,3158316672,41.7787818908691,,,,,,,,,,,,,,,,,,0,0,,,,,,,,,,,,,,,,,,,,,,,,,,,,,,
,3918470285.31328,45.7487545013428,0,0.000849475015209469,1.42431811562259e-07,1,2,11.9032497406006,4.99448029248416,35.2899990975857,1.09607738977726,0.156195976860152,1,8.00661454459461e-07,,,,,,,,,,,,,,,,,,,,,45.7483711242676,45.749137878418,0,0,48.9619920731398,4.9935878008978,6.98319816589356,24,1,0,0,1,0.237045288085938,34.2131004333496,1,1,1,45.749137878418,0,3158316832,45.7487545013428,,,,,,,,,,,,,,,,,,0,0,,,,,,,,,,,,,,,,,,,,,,,,,,,,,,
,3918470482.60173,49.7180080413818,0,0.000850306711566686,1.07231750890831e-07,1,2,11.9032497406006,4.99386920099566,35.2899990975857,1.09696735057811,0.156289520923251,1,7.76162387645072e-07,,,,,,,,,,,,,,,,,,,,,49.7172622680664,49.7187538146973,0,0,48.8701507221302,4.99574392531861,7.14347457885742,24,1,0,0,1,0.233840942382813,34.7018585205078,1,1,1,49.7187538146973,0,3158316704,49.7180080413818,,,,,,,,,,,,,,,,,,0,0,,,,,,,,,,,,,,,,,,,,,,,,,,,,,,
,3918470680.46964,53.6865005493164,0,0.000851294843932588,1.13861507898463e-07,1,2,11.9032497406006,4.99489467414718,35.2899990975857,1.09858895964261,0.156294697629421,1,6.05522227035736e-07,,,,,,,,,,,,,,,,,,,,,53.6857872009277,53.6872138977051,0,0,48.9072780767936,4.99105620650047,7.36554718017578,24,1,0,0,1,0.233688354492187,34.7018585205078,1,1,1,53.6872138977051,0,3158316672,53.6865005493164,,,,,,,,,,,,,,,,,,0,0,,,,,,,,,,,,,,,,,,,,,,,,,,,,,,
,3918470880.26299,57.6552047729492,0,0.000851609277519162,1.3357433442506e-07,1,2,11.9032497406006,4.99540249092529,35.3100001811981,1.09912890984687,0.156530855849579,1,7.26751709546923e-07,,,,,,,,,,,,,,,,,,,,,57.6544761657715,57.655933380127,0,0,48.8732772362071,4.98885113900379,7.70658111572266,24,1,0,0,1,0.23895263671875,34.2131004333496,1,1,1,57.655933380127,0,3158316768,57.6552047729492,,,,,,,,,,,,,,,,,,0,0,,,,,,,,,,,,,,,,,,,,,,,,,,,,,,
,3918471081.06667,61.6232299804687,0,0.000852720190011861,1.30637524165011e-07,1,2,11.9032497406006,4.99465934912459,35.3100001811981,1.10035333467838,0.156563743929593,1,6.2023210138152e-07,,,,,,,,,,,,,,,,,,,,,61.6217575073242,61.6247024536133,0,0,48.8889098065917,4.9914559965509,7.80245351791382,24,1,0,0,1,0.238723754882813,34.2131004333496,1,1,1,61.6247024536133,0,3158316704,61.6232299804687,,,,,,,,,,,,,,,,,,0,0,,,,,,,,,,,,,,,,,,,,,,,,,,,,,,
,3918471279.31297,65.5884971618652,0,0.000853598012445966,1.13096887079829e-07,1,2,11.9032497406006,4.99583822689782,35.3100001811981,1.1017751713702,0.157303424104375,1,1.02891137235789e-06,,,,,,,,,,,,,,,,,,,,,65.5873870849609,65.5896072387695,0,0,48.8771853788032,4.9876148160796,7.81775569915772,24,1,0,0,1,0.2386474609375,33.7243423461914,1,1,1,65.5896072387695,0,3158316640,65.5884971618652,,,,,,,,,,,,,,,,,,0,0,,,,,,,,,,,,,,,,,,,,,,,,,,,,,,
,3918471478.63362,69.5566101074219,0,0.0008544517875081,1.01108450736203e-07,1,2,11.9032497406006,4.9945588780842,35.3100001811981,1.10250949421691,0.157211254776447,1,8.80302277650522e-07,,,,,,,,,,,,,,,,,,,,,69.5550842285156,69.5581359863281,0,0,48.8525640804475,4.99284497026635,7.83995151519775,24,1,0,0,1,0.240859985351562,35.6793746948242,1,1,1,69.5581359863281,0,3158316928,69.5566101074219,,,,,,,,,,,,,,,,,,0,0,,,,,,,,,,,,,,,,,,,,,,,,,,,,,,
,3918471678.42117,73.5218963623047,0,0.000855150346198749,1.05381408146352e-07,1,2,11.9032497406006,4.99460506643809,35.3199988603592,1.10341697755488,0.157399395170921,1,9.25637130886686e-07,,,,,,,,,,,,,,,,,,,,,73.52001953125,73.5237731933594,0,0,48.9229106471783,4.9934418015157,7.8500919342041,24,1,0,0,1,0.23590087890625,34.7018585205078,1,1,1,73.5237731933594,0,3158316544,73.5218963623047,,,,,,,,,,,,,,,,,,0,0,,,,,,,,,,,,,,,,,,,,,,,,,,,,,,
,3918471878.23263,77.4886245727539,0,0.000855872780454525,1.05976138647173e-07,1,2,11.9032497406006,4.99453207400696,35.3300012648106,1.10434332578424,0.157410778941916,1,8.34696373972189e-07,,,,,,,,,,,,,,,,,,,,,77.4869613647461,77.4902877807617,0,0,48.8412304669186,4.99334783184176,7.86582088470459,24,1,0,0,1,0.23681640625,35.190616607666,1,1,1,77.4902877807617,0,3158316512,77.4886245727539,,,,,,,,,,,,,,,,,,0,0,,,,,,,,,,,,,,,,,,,,,,,,,,,,,,
,3918472079.11258,81.4561424255371,0,0.000857305634152921,1.20296679663561e-07,1,2,11.9032497406006,4.99448110731483,35.3300012648106,1.10615891321317,0.157795345794482,1,9.31632012738007e-07,,,,,,,,,,,,,,,,,,,,,81.4532318115234,81.4590530395508,0,0,48.917048433284,4.99268920123706,7.87938213348389,24,1,0,0,1,0.240631103515625,36.1681327819824,1,1,1,81.4590530395508,0,3158316928,81.4561424255371,,,,,,,,,,,,,,,,,,0,0,,,,,,,,,,,,,,,,,,,,,,,,,,,,,,
,3918472278.95807,85.4230918884277,0,0.000858310728208855,1.30690961654259e-07,1,2,11.9032497406006,4.99397268348402,35.3399999439716,1.10730817217099,0.157886329719038,1,8.77298100134421e-07,,,,,,,,,,,,,,,,,,,,,85.42041015625,85.4257736206055,0,0,48.7908154274282,4.99594458403173,7.90738439559937,24,1,0,0,1,0.233840942382813,34.7018585205078,1,1,1,85.4257736206055,0,3158316864,85.4230918884277,,,,,,,,,,,,,,,,,,0,0,,,,,,,,,,,,,,,,,,,,,,,,,,,,,,
,3918472477.17379,89.387264251709,0,0.000859430585338664,1.02267501955647e-07,1,2,11.9032497406006,4.99477066653096,35.3499986231327,1.10900406752838,0.158104248312763,1,8.60296414721335e-07,,,,,,,,,,,,,,,,,,,,,89.3856048583984,89.3889236450195,0,0,48.891645506409,4.99243437433228,7.92169427871704,24,1,0,0,1,0.2374267578125,35.6793746948242,1,1,1,89.3889236450195,0,3158316704,89.387264251709,,,,,,,,,,,,,,,,,,0,0,,,,,,,,,,,,,,,,,,,,,,,,,,,,,,
,3918472674.45012,93.3558044433594,0,0.00086125586243273,1.26120748238475e-07,1,2,11.9032497406006,4.99467477823309,35.3499986231327,1.11131755752076,0.158520500779779,1,9.27771965595895e-07,,,,,,,,,,,,,,,,,,,,,93.3530731201172,93.3585357666016,0,0,48.8963352775244,4.99147073765913,7.94540071487427,24,1,0,0,1,0.235748291015625,34.7018585205078,1,1,1,93.3585357666016,0,3158316608,93.3558044433594,,,,,,,,,,,,,,,,,,0,0,,,,,,,,,,,,,,,,,,,,,,,,,,,,,,
,3918472871.7465,97.3235855102539,0,0.000862655428484234,1.35325296303623e-07,1,2,11.9032497406006,4.99484900356014,35.3600010275841,1.1131736388825,0.158815213860961,1,9.52032622588284e-07,,,,,,,,,,,,,,,,,,,,,97.3201904296875,97.3269805908203,0,0,48.9326810036686,4.99084149764756,7.94478559494019,24,1,0,0,1,0.236587524414062,34.7018585205078,1,1,1,97.3269805908203,0,3158316704,97.3235855102539,,,,,,,,,,,,,,,,,,0,0,,,,,,,,,,,,,,,,,,,,,,,,,,,,,,
,3918473069.51909,101.293262481689,0,0.000864088208031968,1.13673996638112e-07,1,2,11.9032497406006,4.99443381569667,35.3699997067451,1.11488633662592,0.159106531385009,1,9.89290552386109e-07,,,,,,,,,,,,,,,,,,,,,101.29061126709,101.295913696289,0,0,48.8470926808129,4.9921988143635,7.96800947189331,24,1,0,0,1,0.237884521484375,34.7018585205078,1,1,1,101.295913696289,0,3158316672,101.293262481689,,,,,,,,,,,,,,,,,,0,0,,,,,,,,,,,,,,,,,,,,,,,,,,,,,,
,3918473264.79803,105.261413574219,0,0.000865935152911906,1.18255451429531e-07,1,2,11.9032497406006,4.99507819716449,35.3799983859062,1.11750288189327,0.159250113277523,1,8.16864612882496e-07,,,,,,,,,,,,,,,,,,,,,105.257606506348,105.26522064209,0,0,48.9006342343802,4.99171101778263,7.9776029586792,24,1,0,0,1,0.24017333984375,35.190616607666,1,1,1,105.26522064209,0,3158316704,105.261413574219,,,,,,,,,,,,,,,,,,0,0,,,,,,,,,,,,,,,,,,,,,,,,,,,,,,
,3918473461.10583,109.232151031494,0,0.000867960774060432,1.20692924062784e-07,1,2,11.9032497406006,4.99475053142831,35.3900007903576,1.11999142452762,0.159768902257233,1,9.43458913621449e-07,,,,,,,,,,,,,,,,,,,,,109.229835510254,109.234466552734,0,0,48.9002434201206,4.99280733036615,7.98288011550903,24,1,0,0,1,0.243606567382813,35.190616607666,1,1,1,109.234466552734,0,3158316640,109.232151031494,,,,,,,,,,,,,,,,,,0,0,,,,,,,,,,,,,,,,,,,,,,,,,,,,,,
,3918473658.39752,113.203048706055,0,0.000870197225746358,1.27937565412504e-07,1,2,11.9032497406006,4.99540424044082,35.4099981486797,1.12309820276043,0.160101381278541,1,8.61820192201406e-07,,,,,,,,,,,,,,,,,,,,,113.199935913086,113.206161499023,0,0,48.8853924782552,4.98864076828649,8.01050662994385,24,1,0,0,1,0.240020751953125,34.7018585205078,1,1,1,113.206161499023,0,3158316384,113.203048706055,,,,,,,,,,,,,,,,,,0,0,,,,,,,,,,,,,,,,,,,,,,,,,,,,,,
,3918473856.16654,117.174293518066,0,0.000872589877903228,9.71763149375182e-08,1,2,11.9032497406006,4.99540197931232,35.4200005531311,1.12617655007153,0.160604761784585,1,9.13209714493058e-07,,,,,,,,,,,,,,,,,,,,,117.171859741211,117.176727294922,0,0,48.9600380018417,4.98979009517105,8.01020908355713,24,1,0,0,1,0.240402221679687,34.7018585205078,1,1,1,117.176727294922,0,3158316832,117.174293518066,,,,,,,,,,,,,,,,,,0,0,,,,,,,,,,,,,,,,,,,,,,,,,,,,,,
,3918474053.51594,121.143653869629,0,0.00087531769792195,1.10863626094254e-07,1,2,11.9032497406006,4.99533611231729,35.4299992322922,1.12968840978128,0.161018151726609,1,8.49663987801916e-07,,,,,,,,,,,,,,,,,,,,,121.14038848877,121.146919250488,0,0,48.851000823409,4.98950023148856,8.02158260345459,24,1,0,0,1,0.23590087890625,35.190616607666,1,1,1,121.146919250488,0,3158316640,121.143653869629,,,,,,,,,,,,,,,,,,0,0,,,,,,,,,,,,,,,,,,,,,,,,,,,,,,
,3918474250.82071,125.118015289307,0,0.000878814519225589,1.07529920031016e-07,1,2,11.9032497406006,4.99667790188952,35.4299992322922,1.134599359177,0.161920976982402,1,1.00704687554634e-06,,,,,,,,,,,,,,,,,,,,,125.114349365234,125.121681213379,0,0,48.9150943619859,4.98517771524151,8.03398036956787,24,1,0,0,1,0.237045288085938,34.7018585205078,1,1,1,125.121681213379,0,3158316864,125.118015289307,,,,,,,,,,,,,,,,,,0,0,,,,,,,,,,,,,,,,,,,,,,,,,,,,,,
,3918474447.17484,129.085205078125,0,0.000882141498893013,1.33945762718525e-07,1,2,11.9032497406006,4.99635410520443,35.4400016367435,1.1387940251994,0.162501236019161,1,9.96913181788186e-07,,,,,,,,,,,,,,,,,,,,,129.082534790039,129.087875366211,0,0,48.9342442607071,4.98583951621545,8.04081726074219,24,1,0,0,1,0.238265991210938,34.2131004333496,1,1,1,129.087875366211,0,3158316704,129.085205078125,,,,,,,,,,,,,,,,,,0,0,,,,,,,,,,,,,,,,,,,,,,,,,,,,,,
,3918474644.42809,133.057022094727,0,0.000885559398897394,9.03055289893427e-08,1,2,11.9032497406006,4.99586015088213,35.4599989950657,1.14304010124565,0.163166119872223,1,1.04556255706085e-06,,,,,,,,,,,,,,,,,,,,,133.05436706543,133.059677124023,0,0,48.8181724256013,4.98621844950578,8.06408882141113,24,1,0,0,1,0.239028930664062,35.190616607666,1,1,1,133.059677124023,0,3158316704,133.057022094727,,,,,,,,,,,,,,,,,,0,0,,,,,,,,,,,,,,,,,,,,,,,,,,,,,,
,3918474843.723,137.031288146973,0,0.000889957083801387,1.03618732311344e-07,1,2,11.9032497406006,4.9948857024503,35.4599989950657,1.1484183915312,0.163823384971615,1,9.6685354448844e-07,,,,,,,,,,,,,,,,,,,,,137.028259277344,137.034317016602,0,0,48.9252555327359,4.99214100248971,8.0570592880249,24,1,0,0,1,0.235061645507813,34.7018585205078,1,1,1,137.034317016602,0,3158316704,137.031288146973,,,,,,,,,,,,,,,,,,0,0,,,,,,,,,,,,,,,,,,,,,,,,,,,,,,
,3918475043.55254,141.001960754395,0,0.000894567618388652,1.26923968425935e-07,1,2,11.9032497406006,4.99514433616173,35.4700013995171,1.15446510853113,0.164588058093387,1,8.97514814382752e-07,,,,,,,,,,,,,,,,,,,,,140.999389648438,141.004531860352,0,0,48.9682451012936,4.99008757617396,8.07876014709473,24,1,0,0,1,0.243301391601562,33.2355842590332,1,1,1,141.004531860352,0,3158316704,141.001960754395,,,,,,,,,,,,,,,,,,0,0,,,,,,,,,,,,,,,,,,,,,,,,,,,,,,
,3918475241.29584,144.972145080566,0,0.000899804998231879,1.54713558086228e-07,1,2,11.9032497406006,4.99544730997077,35.4800000786781,1.16128712230778,0.16581643504015,1,1.09700761589598e-06,,,,,,,,,,,,,,,,,,,,,144.969573974609,144.974716186523,0,0,48.9838776716783,4.98996018107292,8.07491779327393,24,1,0,0,1,0.241165161132813,33.2355842590332,1,1,1,144.974716186523,0,3158316640,144.972145080566,,,,,,,,,,,,,,,,,,0,0,,,,,,,,,,,,,,,,,,,,,,,,,,,,,,
,3918475439.19575,148.943687438965,0,0.00090571010589431,1.3512221066998e-07,1,2,11.9032497406006,4.9947989351043,35.5000011622906,1.16872030587691,0.166702907478679,1,9.71381083191151e-07,,,,,,,,,,,,,,,,,,,,,148.941604614258,148.945770263672,0,0,48.8838292212167,4.99099220104885,8.09376907348633,24,1,0,0,1,0.23834228515625,34.7018585205078,1,1,1,148.945770263672,0,3158316832,148.943687438965,,,,,,,,,,,,,,,,,,0,0,,,,,,,,,,,,,,,,,,,,,,,,,,,,,,
,3918475637.95601,152.916709899902,0,0.000911403846003306,1.27440062734008e-07,1,2,11.9032497406006,4.99438014628346,35.5099998414516,1.17594786092426,0.167601640750449,1,8.77080859304664e-07,,,,,,,,,,,,,,,,,,,,,152.912567138672,152.920852661133,0,0,48.8838292212167,4.99338514315807,8.1114387512207,24,1,0,0,1,0.237808227539062,35.190616607666,1,1,1,152.920852661133,0,3158316800,152.916709899902,,,,,,,,,,,,,,,,,,0,0,,,,,,,,,,,,,,,,,,,,,,,,,,,,,,
,3918475837.70757,156.888481140137,0,0.000918497828371926,1.17905087372141e-07,1,2,11.9032497406006,4.99477633337078,35.5199985206127,1.18521273993692,0.16906419012048,1,9.91817103147982e-07,,,,,,,,,,,,,,,,,,,,,156.88493347168,156.892028808594,0,0,48.8377131385821,4.99166995059335,8.11870956420898,24,1,0,0,1,0.241546630859375,35.190616607666,1,1,1,156.892028808594,0,3158316704,156.888481140137,,,,,,,,,,,,,,,,,,0,0,,,,,,,,,,,,,,,,,,,,,,,,,,,,,,
,3918476037.54555,160.858337402344,0,0.000926153362802022,1.40380550089001e-07,1,2,11.9032497406006,4.99559239653617,35.5399996042252,1.19537308588125,0.170451044195072,1,9.52652204618789e-07,,,,,,,,,,,,,,,,,,,,,160.855133056641,160.861541748047,0,0,48.8549089660052,4.98613057389625,8.1152925491333,24,1,0,0,1,0.238876342773438,34.7018585205078,1,1,1,160.861541748047,0,3158316736,160.858337402344,,,,,,,,,,,,,,,,,,0,0,,,,,,,,,,,,,,,,,,,,,,,,,,,,,,
,3918476235.26984,164.831214904785,0,0.000934348667723767,7.8583271044517e-08,1,2,11.9032497406006,4.99557655646242,35.5600006878376,1.20591112256595,0.172200041127428,1,1.14814979215764e-06,,,,,,,,,,,,,,,,,,,,,164.828598022461,164.833831787109,0,0,48.8564722230436,4.98650222950102,8.12463665008545,24,1,0,0,1,0.243072509765625,34.7018585205078,1,1,1,164.833831787109,0,3158316640,164.831214904785,,,,,,,,,,,,,,,,,,0,0,,,,,,,,,,,,,,,,,,,,,,,,,,,,,,
,3918476434.64063,168.804817199707,0,0.000944012628476162,1.48931664961193e-07,1,2,11.9032497406006,4.9954455240725,35.5699993669987,1.21836888102524,0.173764706826764,1,9.9732598455355e-07,,,,,,,,,,,,,,,,,,,,,168.801406860352,168.808227539062,0,0,48.8904730636302,4.98859360334618,8.14541339874268,24,1,0,0,1,0.237503051757813,32.2580642700195,1,1,1,168.808227539062,0,3158316704,168.804817199707,,,,,,,,,,,,,,,,,,0,0,,,,,,,,,,,,,,,,,,,,,,,,,,,,,,
,3918476634.39342,172.775032043457,0,0.000954561502649314,1.38297564164779e-07,1,2,11.9032497406006,4.99746742966394,35.58000177145,1.23264877099708,0.176032891125966,1,1.18422288990264e-06,,,,,,,,,,,,,,,,,,,,,172.771911621094,172.77815246582,0,0,48.9467503170148,4.98011050924521,8.14836406707764,24,1,0,0,1,0.24322509765625,35.190616607666,1,1,1,172.77815246582,0,3158316896,172.775032043457,,,,,,,,,,,,,,,,,,0,0,,,,,,,,,,,,,,,,,,,,,,,,,,,,,,
,3918476834.20308,176.747589111328,0,0.000965644660774106,1.00304047132181e-07,1,2,11.9032497406006,4.99763231278605,35.5999991297722,1.24703029115842,0.177999874712927,1,1.13208470965393e-06,,,,,,,,,,,,,,,,,,,,,176.745269775391,176.749908447266,0,0,48.8818751499186,4.97692803916946,8.16462421417236,24,1,0,0,1,0.241622924804687,34.7018585205078,1,1,1,176.749908447266,0,3158316608,176.747589111328,,,,,,,,,,,,,,,,,,0,0,,,,,,,,,,,,,,,,,,,,,,,,,,,,,,
,3918477035.05932,180.721092224121,0,0.000978309360870895,1.29684274301878e-07,1,2,11.9032497406006,4.99706486076451,35.5999991297722,1.26317264322726,0.180392244087972,1,1.21389713141149e-06,,,,,,,,,,,,,,,,,,,,,180.716583251953,180.725601196289,0,0,48.8619436226782,4.98029560360945,8.17497253417969,24,1,0,0,1,0.23834228515625,35.190616607666,1,1,1,180.725601196289,0,3158316960,180.721092224121,,,,,,,,,,,,,,,,,,0,0,,,,,,,,,,,,,,,,,,,,,,,,,,,,,,
,3918477236.86167,184.693061828613,0,0.000991844179316602,1.60248478221786e-07,1,2,11.9032497406006,4.99719703420689,35.6299988925457,1.28068110770886,0.182999087650144,1,1.31150721337853e-06,,,,,,,,,,,,,,,,,,,,,184.689361572266,184.696762084961,0,0,48.9682451012936,4.97835184267303,8.17181015014648,24,1,0,0,1,0.243453979492187,34.7018585205078,1,1,1,184.696762084961,0,3158316640,184.693061828613,,,,,,,,,,,,,,,,,,0,0,,,,,,,,,,,,,,,,,,,,,,,,,,,,,,
,3918477436.71366,188.665000915527,0,0.0010073320868795,1.56128302078262e-07,1,2,11.9032497406006,4.99779669201975,35.6299988925457,1.30090988764165,0.185800335673778,1,1.26423504363066e-06,,,,,,,,,,,,,,,,,,,,,188.661560058594,188.668441772461,0,0,48.889691435111,4.97544253695131,8.17905616760254,24,1,0,0,1,0.241622924804687,34.7018585205078,1,1,1,188.668441772461,0,3158316704,188.665000915527,,,,,,,,,,,,,,,,,,0,0,,,,,,,,,,,,,,,,,,,,,,,,,,,,,,
,3918477636.50391,192.635536193848,0,0.0010240821319579,1.40234005081307e-07,1,2,11.9032497406006,4.99871913376074,35.6499999761581,1.3229505334033,0.188460212416976,1,9.15000995564244e-07,,,,,,,,,,,,,,,,,,,,,192.632400512695,192.638671875,0,0,48.7872980990917,4.97287141317927,8.19734001159668,24,1,0,0,1,0.238037109375,34.7018585205078,1,1,1,192.638671875,0,3158316608,192.635536193848,,,,,,,,,,,,,,,,,,0,0,,,,,,,,,,,,,,,,,,,,,,,,,,,,,,
,3918477837.78082,196.609756469727,0,0.00104268647272657,1.05457744750939e-07,1,2,11.9032497406006,4.99777269693143,35.6700010597706,1.34658392268791,0.192143658917245,1,1.17201465003835e-06,,,,,,,,,,,,,,,,,,,,,196.60612487793,196.613388061523,0,0,48.8365406958032,4.97675770787313,8.20874786376953,24,1,0,0,1,0.234832763671875,32.7468223571777,1,1,1,196.613388061523,0,3158316832,196.609756469727,,,,,,,,,,,,,,,,,,0,0,,,,,,,,,,,,,,,,,,,,,,,,,,,,,,
,3918478038.05045,200.579566955566,0,0.00106371220621492,1.03768894954568e-07,1,2,11.9032497406006,4.99708884922642,35.6799997389317,1.37343270473039,0.196279126007189,1,1.4267094406787e-06,,,,,,,,,,,,,,,,,,,,,200.576950073242,200.582183837891,0,0,48.8822659641782,4.98099571588096,8.22187614440918,24,1,0,0,1,0.242843627929687,34.7018585205078,1,1,1,200.582183837891,0,3158316704,200.579566955566,,,,,,,,,,,,,,,,,,0,0,,,,,,,,,,,,,,,,,,,,,,,,,,,,,,
,3918478238.89734,204.552215576172,0,0.00108671755244398,2.0728337333153e-07,1,2,11.9032497406006,4.99639759476782,35.7000008225441,1.40290048406701,0.200235399092195,1,1.26397974345912e-06,,,,,,,,,,,,,,,,,,,,,204.548431396484,204.555999755859,0,0,48.9940388424283,4.9831874334612,8.23542785644531,24,1,0,0,1,0.238037109375,34.7018585205078,1,1,1,204.555999755859,0,3158316768,204.552215576172,,,,,,,,,,,,,,,,,,0,0,,,,,,,,,,,,,,,,,,,,,,,,,,,,,,
,3918478438.75408,208.524848937988,0,0.00111301090624543,1.62937123382118e-07,1,2,11.9032497406006,4.99743155909877,35.7199981808662,1.4372018775318,0.205548190842401,1,1.61101503823825e-06,,,,,,,,,,,,,,,,,,,,,208.521423339844,208.528274536133,0,0,48.9365891462648,4.98061794314717,8.24300003051758,24,1,0,0,1,0.237045288085938,34.7018585205078,1,1,1,208.528274536133,0,3158316800,208.524848937988,,,,,,,,,,,,,,,,,,0,0,,,,,,,,,,,,,,,,,,,,,,,,,,,,,,
,3918478638.55249,212.496803283691,0,0.00114308692463003,1.77859365852384e-07,1,2,11.9032497406006,4.99734209712433,35.7300005853176,1.47603193929785,0.210880880545497,1,1.48699673403949e-06,,,,,,,,,,,,,,,,,,,,,212.493743896484,212.499862670898,0,0,48.9787970863033,4.97955318340089,8.27227687835693,24,1,0,0,1,0.241165161132813,33.7243423461914,1,1,1,212.499862670898,0,3158316736,212.496803283691,,,,,,,,,,,,,,,,,,0,0,,,,,,,,,,,,,,,,,,,,,,,,,,,,,,
,3918478839.8893,216.470031738281,0,0.0011768286364299,1.6311115124137e-07,1,2,11.9032497406006,4.99713100843981,35.7600003480911,1.51951784412102,0.217050135159513,1,1.49781150126127e-06,,,,,,,,,,,,,,,,,,,,,216.466552734375,216.473510742187,0,0,48.8920363206686,4.98093780857287,8.29070854187012,24,1,0,0,1,0.244064331054687,33.7243423461914,1,1,1,216.473510742187,0,3158316704,216.470031738281,,,,,,,,,,,,,,,,,,0,0,,,,,,,,,,,,,,,,,,,,,,,,,,,,,,
,3918479041.63966,220.44278717041,0,0.00121531076847461,1.97151221649647e-07,1,2,11.9032497406006,4.997096986792,35.7800014317036,1.56914625441844,0.224461126788856,1,1.79118492579454e-06,,,,,,,,,,,,,,,,,,,,,220.439666748047,220.445907592773,0,0,48.9287728610725,4.98068093926401,8.30651664733887,24,1,0,0,1,0.237884521484375,34.7018585205078,1,1,1,220.445907592773,0,3158316896,220.44278717041,,,,,,,,,,,,,,,,,,0,0,,,,,,,,,,,,,,,,,,,,,,,,,,,,,,
,3918479243.43371,224.413970947266,0,0.00125996025776978,1.9123962797726e-07,1,2,11.9032497406006,4.99731140687481,35.7900001108646,1.62690513914437,0.232635550639871,1,1.79036388814202e-06,,,,,,,,,,,,,,,,,,,,,224.410873413086,224.417068481445,0,0,48.9768430150052,4.98049035902951,8.32144832611084,24,1,0,0,1,0.238265991210938,34.7018585205078,1,1,1,224.417068481445,0,3158316768,224.413970947266,,,,,,,,,,,,,,,,,,0,0,,,,,,,,,,,,,,,,,,,,,,,,,,,,,,
,3918479442.778,228.385620117187,0,0.00131217149336934,1.7181773360966e-07,1,2,11.9032497406006,4.99750766441997,35.8199998736382,1.69438367536867,0.242511438734276,1,2.03678570206617e-06,,,,,,,,,,,,,,,,,,,,,228.381576538086,228.389663696289,0,0,48.9725440581494,4.97929553429433,8.36014556884766,24,1,0,0,1,0.2362060546875,36.6568908691406,1,1,1,228.389663696289,0,3158316960,228.385620117187,,,,,,,,,,,,,,,,,,0,0,,,,,,,,,,,,,,,,,,,,,,,,,,,,,,
,3918479642.50886,232.358612060547,0,0.00137483124216784,1.72191722854781e-07,1,2,11.9032497406006,4.9972497238371,35.8299985527992,1.77515980515553,0.254124396674187,1,2.17331660028153e-06,,,,,,,,,,,,,,,,,,,,,232.355346679687,232.361877441406,0,0,48.8431845382167,4.98156896398349,8.39053821563721,24,1,0,0,1,0.235519409179687,34.7018585205078,1,1,1,232.361877441406,0,3158316640,232.358612060547,,,,,,,,,,,,,,,,,,0,0,,,,,,,,,,,,,,,,,,,,,,,,,,,,,,
,3918479844.3856,236.329193115234,0,0.00145258820494813,1.97656350941419e-07,1,2,11.9032497406006,4.99675454169946,35.8400009572506,1.87530633974732,0.268404276870782,1,2.25321495426705e-06,,,,,,,,,,,,,,,,,,,,,236.32600402832,236.332382202148,0,0,48.9565206735052,4.98254172628302,8.41156387329102,24,1,0,0,1,0.236053466796875,34.7018585205078,1,1,1,236.332382202148,0,3158316704,236.329193115234,,,,,,,,,,,,,,,,,,0,0,,,,,,,,,,,,,,,,,,,,,,,,,,,,,,
,3918480045.71602,240.304534912109,0,0.00155146846825317,2.26014516870865e-07,1,2,11.9032497406006,4.99654323770438,35.8700007200241,2.00277837915148,0.287117021883519,1,2.76202739788121e-06,,,,,,,,,,,,,,,,,,,,,240.301223754883,240.307846069336,0,0,48.9166576190244,4.98282741110226,8.45268630981445,24,1,0,0,1,0.238113403320313,37.6344108581543,1,1,1,240.307846069336,0,3158316960,240.304534912109,,,,,,,,,,,,,,,,,,0,0,,,,,,,,,,,,,,,,,,,,,,,,,,,,,,
,3918480247.49445,244.27515411377,0,0.00168863593258007,2.10959917362843e-07,1,2,11.9032497406006,4.99660259884476,35.8799993991852,2.17989844973708,0.312397388870876,1,2.92162423023613e-06,,,,,,,,,,,,,,,,,,,,,244.271636962891,244.278671264648,0,0,49.0413273678417,4.98339513778248,8.50330924987793,24,1,0,0,1,0.238037109375,34.7018585205078,1,1,1,244.278671264648,0,3158316896,244.27515411377,,,,,,,,,,,,,,,,,,0,0,,,,,,,,,,,,,,,,,,,,,,,,,,,,,,
,3918480466.43906,248.285461425781,0,0.00188612551004289,2.7588448147382e-07,1,2,11.9032497406006,4.99660011715634,35.9200015664101,2.43522775713208,0.3461969762188,10,1.14464082192664e-06,,,,,,,,,,,,,,,,,,,,,248.285461425781,248.285461425781,0,0,48.8685874650917,4.98432759734303,8.5739164352417,24,1,0,0,1,0.237808227539062,35.6793746948242,1,1,1,248.285461425781,0,3158316512,248.285461425781,,,,,,,,,,,,,,,,,,0,0,,,,,,,,,,,,,,,,,,,,,,,,,,,,,,
,3918480676.72535,252.244369506836,0,0.00216154227092674,3.12137481984775e-07,1,2,11.9032497406006,4.99597058787336,35.9399989247322,2.79038856418658,0.396294829046156,10,1.01372797902641e-06,,,,,,,,,,,,,,,,,,,,,252.244369506836,252.244369506836,0,0,48.9307269323706,4.98513153495809,8.6408166885376,24,1,0,0,1,0.240249633789062,35.6793746948242,1,1,1,252.244369506836,0,3158316672,252.244369506836,,,,,,,,,,,,,,,,,,0,0,,,,,,,,,,,,,,,,,,,,,,,,,,,,,,
,3918480875.00931,256.191772460938,0,0.00251861968144111,1.56669372515023e-06,1,2,11.9032497406006,4.99638874824541,35.9500013291836,3.25202359461418,0.459735388055628,10,-4.2951176781071e-07,,,,,,,,,,,,,,,,,,,,,256.189727783203,256.193817138672,0,0,48.9279912325533,4.98523401665514,8.72494792938232,23,1,4,0,0,0.238189697265625,35.6793746948242,1,1,1,256.193817138672,0,3158316800,256.191772460938,,,,,,,,,,,,,,,,,,0,0,,,,,,,,,,,,,,,,,,,,,,,,,,,,,,
,3918481075.80279,260.168060302734,0,0.00291294258747641,4.25054684204344e-07,1,2,11.9032497406006,4.99630940498824,35.9800010919571,3.76074793160766,0.534096465704342,10,1.35842526005219e-06,,,,,,,,,,,,,,,,,,,,,260.163726806641,260.172393798828,0,0,48.9174392475436,4.98606674354119,8.82400798797607,24,1,0,0,1,0.238265991210938,35.190616607666,1,1,1,260.172393798828,0,3158316992,260.168060302734,,,,,,,,,,,,,,,,,,0,0,,,,,,,,,,,,,,,,,,,,,,,,,,,,,,
,3918481278.17359,264.139389038086,0,0.00313529580495462,4.62871789803176e-07,1,2,11.9032497406006,4.99755822857502,35.9899997711182,4.04921750218288,0.575163959567309,10,1.53758035069475e-06,,,,,,,,,,,,,,,,,,,,,264.137268066406,264.141510009766,0,0,48.9893490713129,4.98109912948309,8.956711769104,24,1,0,0,1,0.235214233398438,34.2131004333496,1,1,1,264.141510009766,0,3158316704,264.139389038086,,,,,,,,,,,,,,,,,,0,0,,,,,,,,,,,,,,,,,,,,,,,,,,,,,,
,3918481479.50991,268.109893798828,0,0.00327064926966366,4.39340554093855e-07,1,2,11.9032497406006,4.99908393850445,36.0100008547306,4.22600538919786,0.599000843248007,10,6.36941121833209e-07,,,,,,,,,,,,,,,,,,,,,268.106597900391,268.113189697266,0,0,48.8482651235917,4.97363871154196,9.10157489776611,24,1,0,0,1,0.239486694335938,34.2131004333496,1,1,1,268.113189697266,0,3158316608,268.109893798828,,,,,,,,,,,,,,,,,,0,0,,,,,,,,,,,,,,,,,,,,,,,,,,,,,,
,3918481680.80996,272.083236694336,0,0.00337127422211301,3.80407519677949e-07,1,2,11.9032497406006,4.99882371123162,36.0299982130527,4.35546444795879,0.619090954756396,10,1.977040909841e-06,,,,,,,,,,,,,,,,,,,,,272.079681396484,272.086791992187,0,0,48.8240346394955,4.97498247073807,9.28671360015869,24,1,0,0,1,0.246658325195313,35.190616607666,1,1,1,272.086791992187,0,3158316704,272.083236694336,,,,,,,,,,,,,,,,,,0,0,,,,,,,,,,,,,,,,,,,,,,,,,,,,,,
,3918481882.61849,276.055099487305,0,0.00345015846409007,5.21811897411692e-07,1,2,11.9032497406006,4.99755213460261,36.0700003802776,4.45572854809483,0.63380533848499,10,2.37449721103788e-06,,,,,,,,,,,,,,,,,,,,,276.051361083984,276.058837890625,0,0,48.7779185568609,4.9804233907447,9.42113971710205,24,1,0,0,1,0.241775512695313,35.6793746948242,1,1,1,276.058837890625,0,3158316608,276.055099487305,,,,,,,,,,,,,,,,,,0,0,,,,,,,,,,,,,,,,,,,,,,,,,,,,,,
,3918482084.36565,280.025833129883,0,0.00351492753188887,5.50219871788385e-07,1,2,11.9032497406006,4.99947570237689,36.0799990594387,4.54188690753057,0.645560449448303,10,2.0394242704154e-06,,,,,,,,,,,,,,,,,,,,,280.022735595703,280.028930664062,0,0,48.8232530109763,4.97058038935074,9.5206241607666,24,1,0,0,1,0.2392578125,34.7018585205078,1,1,1,280.028930664062,0,3158316896,280.025833129883,,,,,,,,,,,,,,,,,,0,0,,,,,,,,,,,,,,,,,,,,,,,,,,,,,,
,3918482286.14698,283.998641967773,0,0.00357007851838281,4.28525865898062e-07,1,2,11.9032497406006,4.99829138807463,36.1000001430511,4.61160341709341,0.655618171035581,10,2.18416559181452e-06,,,,,,,,,,,,,,,,,,,,,283.996124267578,284.001159667969,0,0,48.9061056340148,4.97591794815522,9.59021091461182,24,1,0,0,1,0.241546630859375,34.7018585205078,1,1,1,284.001159667969,0,3158316896,283.998641967773,,,,,,,,,,,,,,,,,,0,0,,,,,,,,,,,,,,,,,,,,,,,,,,,,,,
,3918482487.98644,287.973281860352,0,0.00361529977682051,4.9005789020301e-07,1,2,11.9032497406006,4.99731335009155,36.1399985849857,4.6687913533658,0.663377828611194,10,1.93055023812894e-06,,,,,,,,,,,,,,,,,,,,,287.970977783203,287.9755859375,0,0,48.8029306694763,4.98011627550732,9.67487525939941,24,1,0,0,1,0.236282348632813,34.7018585205078,1,1,1,287.9755859375,0,3158316768,287.973281860352,,,,,,,,,,,,,,,,,,0,0,,,,,,,,,,,,,,,,,,,,,,,,,,,,,,
,3918482689.38759,291.947708129883,0,0.00365533529709027,4.86135784522748e-07,1,2,11.9032497406006,4.99790440284318,36.1599996685982,4.72120405812452,0.671327148404501,10,2.33298980110195e-06,,,,,,,,,,,,,,,,,,,,,291.945098876953,291.950317382812,0,0,48.7790909996398,4.97765026446206,9.83682537078857,24,1,0,0,1,0.237655639648438,34.7018585205078,1,1,1,291.950317382812,0,3158316768,291.947708129883,,,,,,,,,,,,,,,,,,0,0,,,,,,,,,,,,,,,,,,,,,,,,,,,,,,
,3918482891.1823,295.920059204102,0,0.00368888595454971,5.17472021817737e-07,1,2,11.9032497406006,4.99731707894662,36.1800007522106,4.76387432249152,0.676535182176694,10,1.70208420937587e-06,,,,,,,,,,,,,,,,,,,,,295.918273925781,295.921844482422,0,0,48.8345866245052,4.98016605617161,9.9464693069458,24,1,0,0,1,0.237350463867187,35.190616607666,1,1,1,295.922637939453,0,3158316640,295.920059204102,,,,,,,,,,,,,,,,,,0,0,,,,,,,,,,,,,,,,,,,,,,,,,,,,,,
,3918483092.43455,299.887847900391,0,0.00371890455712093,4.38296332595621e-07,1,2,11.9032497406006,4.99696035114273,36.2100005149841,4.80205724962447,0.682708219046689,10,2.28568012601933e-06,,,,,,,,,,,,,,,,,,,,,299.884368896484,299.891326904297,0,0,48.8189540541206,4.98077768443176,9.97836208343506,24,1,0,0,1,0.238265991210938,34.7018585205078,1,1,1,299.891326904297,0,3158316736,299.887847900391,,,,,,,,,,,,,,,,,,0,0,,,,,,,,,,,,,,,,,,,,,,,,,,,,,,
